100
10
35
5 3 1 5 0 4 0 3 0 8 0
8 10 1 2 0 1 0 3 0 9 0 4 0 7 0 8 0
6 10 1 1 0 10 0 2 0 8 0 6 0
6 6 1 9 0 1 0 6 0 5 0 8 0
3 6 0 1 0 4 0
1 1 0
1 10 0
5 9 1 8 0 10 0 9 0 5 0
6 3 0 8 0 9 0 4 0 2 0 7 0
4 4 1 7 0 2 0 4 0
4 8 0 9 0 6 0 1 0
6 2 1 1 0 10 0 3 0 6 0 8 0
5 5 0 2 0 3 0 8 0 1 0
1 9 1
6 6 1 10 0 6 0 8 0 2 0 7 0
7 8 0 1 0 2 0 9 0 10 0 7 0 6 0
4 5 0 4 0 10 0 1 0
2 4 0 2 0
4 3 1 9 0 6 0 2 0
6 2 1 7 0 2 0 4 0 10 0 9 0
5 2 0 5 0 7 0 6 0 8 0
5 1 1 4 0 10 0 1 0 7 0
6 4 0 1 0 7 0 8 0 6 0 5 0
8 9 0 1 0 8 0 2 0 7 0 3 0 10 0 6 0
7 4 1 1 0 6 0 8 0 9 0 4 0 2 0
4 3 1 8 0 1 0 7 0
1 7 0
1 4 0
8 4 1 5 0 10 0 6 0 1 0 9 0 7 0 4 0
7 5 1 7 0 1 0 5 0 8 0 10 0 6 0
4 9 1 9 0 5 0 8 0
3 3 1 2 0 3 0
2 7 1 6 0
6 1 1 2 0 9 0 8 0 10 0 6 0
6 9 1 8 0 6 0 5 0 7 0 1 0
1
69
1 1 0
1 1 1
1 1 0
1 1 0
1 1 1
1 1 1
1 1 0
1 1 1
1 1 1
1 1 1
1 1 1
1 1 1
1 1 0
1 1 1
1 1 1
1 1 0
1 1 1
1 1 1
1 1 0
1 1 0
1 1 1
1 1 1
1 1 1
1 1 0
1 1 1
1 1 0
1 1 0
1 1 0
1 1 1
1 1 0
1 1 0
1 1 0
1 1 1
1 1 1
1 1 1
1 1 0
1 1 1
1 1 1
1 1 0
1 1 1
1 1 0
1 1 0
1 1 0
1 1 1
1 1 0
1 1 0
1 1 1
1 1 0
1 1 0
1 1 0
1 1 1
1 1 0
1 1 1
1 1 1
1 1 1
1 1 1
1 1 1
1 1 1
1 1 0
1 1 0
1 1 1
1 1 0
1 1 1
1 1 0
1 1 1
1 1 1
1 1 1
1 1 0
1 1 1
1
38
1 1 1
1 1 0
1 1 1
1 1 0
1 1 1
1 1 1
1 1 1
1 1 0
1 1 0
1 1 0
1 1 1
1 1 0
1 1 0
1 1 0
1 1 0
1 1 0
1 1 0
1 1 1
1 1 0
1 1 1
1 1 1
1 1 1
1 1 1
1 1 1
1 1 1
1 1 1
1 1 1
1 1 0
1 1 1
1 1 0
1 1 0
1 1 0
1 1 0
1 1 1
1 1 1
1 1 0
1 1 1
1 1 1
10
86
5 5 0 1 0 6 0 4 0 3 0
4 2 0 9 0 7 0 8 0
3 4 1 5 0 1 0
1 6 1
2 8 0 4 0
1 4 1
7 8 1 2 0 3 0 9 0 8 0 7 0 4 0
3 9 1 8 0 6 0
4 1 1 1 0 8 0 9 0
2 2 1 2 0
2 8 1 10 0
6 9 1 3 0 2 0 9 0 7 0 5 0
7 3 1 3 0 6 0 4 0 7 0 2 0 9 0
5 8 0 6 0 1 0 3 0 4 0
1 3 1
5 4 0 8 0 3 0 9 0 6 0
5 7 0 10 0 2 0 6 0 1 0
4 4 1 10 0 2 0 4 0
6 7 0 9 0 6 0 10 0 5 0 8 0
2 3 1 8 0
7 5 1 9 0 5 0 8 0 1 0 2 0 3 0
3 9 1 6 0 5 0
3 6 1 8 0 9 0
3 6 1 10 0 5 0
6 6 1 8 0 5 0 7 0 3 0 9 0
4 3 1 3 0 9 0 8 0
5 2 1 8 0 2 0 1 0 4 0
1 7 1
4 10 0 7 0 6 0 9 0
6 7 1 10 0 1 0 5 0 9 0 4 0
7 2 0 3 0 5 0 9 0 6 0 10 0 8 0
4 9 1 4 0 1 0 7 0
1 8 1
6 5 0 10 0 3 0 4 0 9 0 7 0
5 7 0 5 0 8 0 9 0 4 0
3 10 0 1 0 3 0
4 10 1 10 0 7 0 6 0
7 8 1 3 0 7 0 9 0 8 0 10 0 2 0
1 3 1
3 6 0 9 0 10 0
2 4 1 4 0
2 9 0 6 0
5 2 0 8 0 6 0 7 0 5 0
1 1 0
6 6 1 10 0 2 0 8 0 5 0 4 0
9 8 0 6 0 9 0 2 0 5 0 4 0 3 0 1 0 10 0
2 7 1 7 0
3 3 1 3 0 7 0
5 8 1 2 0 10 0 7 0 1 0
7 6 0 9 0 10 0 1 0 5 0 8 0 4 0
4 5 1 6 0 1 0 2 0
1 10 0
6 8 1 1 0 3 0 5 0 9 0 6 0
3 7 1 10 0 8 0
5 1 0 9 0 6 0 3 0 10 0
1 1 0
1 2 0
6 9 0 10 0 3 0 7 0 1 0 4 0
4 3 0 9 0 2 0 1 0
6 8 1 8 0 2 0 4 0 3 0 9 0
1 7 1
1 6 0
7 9 0 3 0 4 0 6 0 1 0 10 0 8 0
1 5 1
5 10 1 6 0 7 0 3 0 9 0
3 3 1 2 0 6 0
3 1 0 6 0 4 0
5 9 1 2 0 5 0 9 0 10 0
6 7 1 7 0 10 0 5 0 9 0 2 0
5 3 0 6 0 4 0 7 0 1 0
1 6 0
8 5 1 4 0 5 0 1 0 7 0 2 0 6 0 9 0
3 2 1 2 0 7 0
2 3 0 9 0
2 8 0 1 0
7 4 1 3 0 9 0 6 0 1 0 2 0 7 0
5 1 1 5 0 4 0 9 0 7 0
5 6 0 4 0 10 0 5 0 2 0
7 9 0 4 0 1 0 2 0 5 0 8 0 3 0
5 5 1 6 0 7 0 1 0 8 0
1 7 0
2 1 0 7 0
3 3 1 2 0 7 0
7 2 1 9 0 8 0 1 0 2 0 7 0 3 0
6 7 1 3 0 1 0 9 0 5 0 7 0
4 4 1 10 0 8 0 1 0
2
31
2 1 0 2 0
1 1 0
2 1 1 2 0
1 2 1
1 1 0
2 2 0 1 0
1 1 0
1 2 1
1 2 1
1 1 0
1 2 0
2 2 1 2 0
1 1 0
1 1 0
2 1 1 2 0
1 2 0
2 1 1 1 0
2 1 1 2 0
2 2 0 1 0
1 2 0
1 1 1
1 1 0
1 1 0
2 1 0 2 0
1 1 1
1 1 1
1 2 1
2 1 1 2 0
1 1 1
2 2 1 1 0
2 2 1 2 0
7
6
1 7 0
5 2 1 4 0 6 0 3 0 2 0
5 2 0 5 0 6 0 3 0 4 0
1 4 0
4 7 1 7 0 1 0 3 0
4 1 1 3 0 5 0 7 0
4
77
1 3 0
2 4 0 1 0
2 1 1 2 0
1 1 0
2 4 0 2 0
2 2 1 3 0
3 3 1 4 0 2 0
2 4 0 3 0
3 3 1 4 0 1 0
2 4 1 4 0
3 2 1 3 0 1 0
4 3 0 2 0 1 0 4 0
3 3 1 4 0 3 0
3 2 1 3 0 2 0
2 2 0 1 0
3 2 1 1 0 3 0
2 3 0 1 0
2 4 0 2 0
2 3 1 3 0
1 1 1
1 3 1
1 2 0
2 2 0 3 0
2 1 0 4 0
1 4 1
2 4 1 2 0
1 2 0
1 1 0
2 1 0 4 0
3 2 0 3 0 4 0
2 1 0 2 0
1 4 0
2 3 1 3 0
1 1 1
2 3 1 4 0
3 3 0 4 0 2 0
2 3 0 4 0
2 1 1 1 0
1 3 1
1 3 1
2 4 0 3 0
2 2 0 1 0
3 4 1 4 0 1 0
2 1 0 2 0
1 1 0
3 2 0 1 0 3 0
1 2 1
1 1 1
2 1 0 4 0
1 2 0
3 3 0 1 0 4 0
3 4 1 1 0 4 0
1 1 0
3 2 0 4 0 1 0
1 4 0
2 4 0 3 0
2 2 1 3 0
1 1 1
3 1 1 2 0 4 0
3 2 0 1 0 4 0
3 3 1 2 0 3 0
2 3 0 4 0
4 2 1 1 0 4 0 2 0
4 4 1 3 0 1 0 2 0
2 1 1 2 0
3 1 0 2 0 3 0
1 3 0
1 2 1
2 2 0 1 0
2 3 1 3 0
1 1 1
1 2 0
3 3 1 2 0 3 0
3 3 1 4 0 2 0
1 3 0
1 2 1
1 1 0
4
7
3 1 1 1 0 4 0
4 4 1 2 0 4 0 3 0
4 2 1 1 0 3 0 2 0
2 4 1 1 0
3 1 1 1 0 3 0
2 2 1 4 0
2 4 0 1 0
5
38
2 2 0 5 0
4 1 1 5 0 1 0 2 0
3 1 1 1 0 2 0
1 3 1
2 2 0 3 0
3 4 1 4 0 5 0
4 2 0 4 0 3 0 1 0
3 1 1 5 0 2 0
1 4 1
2 3 1 1 0
3 3 1 4 0 2 0
2 2 0 3 0
2 4 0 1 0
3 2 0 3 0 1 0
2 3 1 4 0
2 5 1 2 0
1 3 1
4 3 1 4 0 1 0 3 0
1 3 1
3 1 0 3 0 4 0
2 5 1 2 0
5 4 1 3 0 1 0 4 0 5 0
1 1 1
2 3 1 3 0
4 1 1 4 0 3 0 5 0
1 3 1
4 1 1 4 0 2 0 1 0
1 4 0
1 3 0
3 5 0 1 0 3 0
3 4 0 1 0 3 0
1 2 0
1 1 1
2 1 1 3 0
3 3 1 5 0 3 0
4 3 1 4 0 3 0 2 0
3 4 0 2 0 1 0
1 3 0
7
49
1 6 1
2 4 1 6 0
4 2 1 3 0 7 0 5 0
2 1 0 4 0
2 6 1 5 0
2 7 0 2 0
4 3 0 4 0 6 0 1 0
5 4 1 6 0 5 0 1 0 3 0
5 7 0 5 0 4 0 1 0 6 0
4 6 1 6 0 5 0 7 0
5 7 1 6 0 5 0 7 0 3 0
2 4 0 2 0
5 5 1 6 0 3 0 2 0 7 0
1 5 1
5 3 1 2 0 4 0 7 0 5 0
3 1 1 6 0 4 0
6 5 1 3 0 6 0 5 0 4 0 1 0
1 7 0
4 3 1 3 0 5 0 6 0
3 2 0 1 0 5 0
2 7 0 2 0
3 5 0 6 0 1 0
5 1 1 1 0 4 0 5 0 2 0
6 3 1 6 0 2 0 7 0 3 0 4 0
4 7 1 4 0 1 0 5 0
4 1 0 2 0 4 0 5 0
4 6 1 2 0 6 0 5 0
5 1 1 2 0 4 0 7 0 1 0
4 7 0 2 0 3 0 5 0
4 2 1 6 0 5 0 2 0
4 6 1 4 0 2 0 6 0
2 1 0 3 0
4 6 0 1 0 3 0 7 0
5 1 1 2 0 3 0 1 0 4 0
5 3 0 6 0 4 0 5 0 7 0
3 6 1 1 0 7 0
5 5 1 6 0 7 0 3 0 2 0
5 1 1 1 0 4 0 5 0 6 0
1 7 1
2 5 0 2 0
3 3 1 6 0 4 0
3 3 0 5 0 2 0
2 2 0 4 0
1 6 1
4 5 0 1 0 3 0 4 0
5 6 0 2 0 7 0 1 0 3 0
2 2 0 3 0
4 6 0 4 0 2 0 3 0
5 3 1 3 0 2 0 4 0 7 0
10
17
8 10 1 8 0 3 0 10 0 1 0 9 0 5 0 2 0
6 8 1 7 0 8 0 3 0 1 0 5 0
1 3 0
8 1 1 6 0 10 0 3 0 8 0 1 0 4 0 9 0
3 9 1 10 0 6 0
3 2 0 7 0 6 0
3 4 0 9 0 8 0
8 6 0 5 0 10 0 8 0 2 0 3 0 4 0 1 0
6 9 0 7 0 2 0 5 0 3 0 1 0
6 3 1 6 0 1 0 7 0 3 0 4 0
3 2 0 3 0 8 0
6 2 0 1 0 5 0 8 0 10 0 3 0
2 1 0 9 0
3 7 0 5 0 3 0
3 9 0 2 0 6 0
7 9 0 10 0 4 0 2 0 3 0 7 0 8 0
5 5 0 1 0 10 0 4 0 2 0
7
53
2 2 0 7 0
3 1 1 1 0 7 0
6 1 1 4 0 7 0 5 0 1 0 2 0
2 6 1 7 0
1 1 1
4 4 0 5 0 2 0 1 0
2 4 1 1 0
2 3 1 2 0
1 6 1
5 4 0 1 0 5 0 2 0 3 0
3 4 0 7 0 2 0
2 4 0 3 0
4 3 0 6 0 4 0 1 0
4 5 1 3 0 2 0 7 0
3 3 0 2 0 5 0
2 6 0 4 0
3 4 1 2 0 1 0
3 6 1 7 0 3 0
4 3 1 6 0 2 0 3 0
5 3 1 3 0 1 0 4 0 6 0
4 6 1 4 0 5 0 7 0
6 6 0 3 0 4 0 1 0 7 0 2 0
3 1 1 3 0 5 0
3 2 1 5 0 6 0
3 3 0 4 0 2 0
1 1 1
4 7 1 6 0 5 0 3 0
4 6 0 5 0 7 0 4 0
5 3 1 4 0 5 0 6 0 3 0
5 5 0 4 0 6 0 3 0 1 0
3 4 0 6 0 3 0
2 3 1 6 0
3 2 0 1 0 5 0
2 3 0 5 0
1 4 1
4 4 1 2 0 7 0 1 0
4 6 0 7 0 3 0 2 0
4 6 0 4 0 2 0 3 0
3 6 0 5 0 2 0
3 7 0 2 0 5 0
4 3 1 1 0 7 0 5 0
5 2 0 6 0 1 0 3 0 4 0
1 5 0
1 5 0
4 4 0 1 0 5 0 7 0
3 5 0 1 0 7 0
4 5 1 2 0 7 0 5 0
6 1 1 3 0 2 0 6 0 4 0 7 0
1 5 1
1 2 0
3 6 0 3 0 4 0
5 2 0 4 0 7 0 5 0 3 0
3 2 0 3 0 6 0
7
27
2 4 0 7 0
2 4 0 3 0
5 5 0 6 0 1 0 2 0 7 0
2 6 0 2 0
2 7 1 4 0
1 5 1
1 4 1
1 4 0
5 1 1 4 0 7 0 6 0 5 0
1 6 1
4 7 0 2 0 6 0 5 0
1 4 1
4 5 1 3 0 2 0 7 0
5 2 0 7 0 1 0 6 0 3 0
4 7 1 6 0 3 0 1 0
5 1 0 7 0 5 0 3 0 6 0
4 6 0 2 0 1 0 5 0
3 2 0 3 0 4 0
1 3 1
5 4 1 7 0 4 0 2 0 3 0
4 1 0 4 0 6 0 2 0
1 6 0
2 2 0 5 0
4 3 1 2 0 6 0 7 0
6 5 0 1 0 4 0 6 0 7 0 3 0
3 4 0 6 0 3 0
1 3 0
2
1
2 1 0 2 0
9
85
8 5 1 8 0 7 0 4 0 3 0 9 0 6 0 5 0
1 7 0
5 6 0 3 0 9 0 8 0 2 0
1 9 0
2 5 0 7 0
2 3 0 1 0
2 8 0 5 0
5 3 0 6 0 2 0 8 0 1 0
2 5 0 1 0
3 4 0 6 0 3 0
5 5 1 7 0 3 0 8 0 2 0
7 5 1 2 0 9 0 6 0 5 0 7 0 8 0
3 9 0 5 0 3 0
5 4 1 6 0 8 0 2 0 1 0
3 9 0 8 0 2 0
4 1 0 9 0 3 0 2 0
5 1 0 6 0 3 0 2 0 9 0
3 8 0 9 0 1 0
2 7 1 4 0
2 3 1 5 0
2 1 1 6 0
3 5 0 7 0 3 0
7 8 1 3 0 4 0 9 0 7 0 1 0 6 0
4 9 0 6 0 7 0 2 0
6 3 1 4 0 1 0 6 0 9 0 2 0
4 8 0 3 0 9 0 5 0
5 2 0 3 0 5 0 9 0 7 0
4 1 0 3 0 7 0 8 0
3 6 1 3 0 9 0
3 7 0 9 0 6 0
2 6 1 2 0
6 5 0 9 0 3 0 2 0 7 0 8 0
5 3 0 7 0 2 0 9 0 6 0
4 6 1 5 0 2 0 7 0
3 3 0 6 0 5 0
6 6 0 8 0 3 0 4 0 9 0 2 0
1 1 1
3 7 0 2 0 4 0
5 1 0 9 0 3 0 7 0 2 0
2 6 1 8 0
2 1 0 7 0
4 2 0 4 0 6 0 9 0
3 5 0 1 0 3 0
4 8 0 3 0 5 0 2 0
6 5 1 1 0 7 0 8 0 3 0 2 0
3 8 1 3 0 2 0
4 4 1 8 0 4 0 7 0
4 6 1 7 0 1 0 6 0
4 4 1 2 0 9 0 7 0
3 7 1 1 0 9 0
6 5 1 2 0 4 0 7 0 5 0 3 0
6 5 0 1 0 9 0 6 0 8 0 3 0
5 5 0 6 0 3 0 7 0 9 0
3 7 1 6 0 2 0
5 7 0 8 0 2 0 6 0 3 0
2 3 0 7 0
2 2 1 1 0
1 9 1
3 9 1 6 0 2 0
1 7 0
3 6 1 6 0 7 0
2 8 0 4 0
4 8 0 3 0 6 0 5 0
4 1 0 3 0 5 0 6 0
2 7 0 9 0
5 9 0 1 0 5 0 3 0 2 0
5 4 0 1 0 7 0 8 0 5 0
4 8 0 3 0 4 0 1 0
2 8 1 4 0
3 1 0 5 0 3 0
4 1 0 5 0 6 0 8 0
3 1 0 3 0 9 0
2 6 0 7 0
4 2 0 8 0 5 0 4 0
4 9 1 8 0 4 0 5 0
6 3 0 2 0 7 0 6 0 5 0 4 0
5 3 1 2 0 3 0 5 0 7 0
7 1 1 4 0 2 0 9 0 3 0 6 0 5 0
4 1 0 3 0 2 0 4 0
5 9 1 5 0 2 0 1 0 8 0
2 8 0 1 0
4 3 0 8 0 9 0 1 0
6 5 0 1 0 2 0 6 0 8 0 7 0
4 1 0 7 0 5 0 9 0
4 5 1 4 0 2 0 8 0
2
9
1 2 0
1 2 0
2 1 1 2 0
1 1 1
1 2 1
1 1 0
2 2 0 1 0
1 1 0
1 1 0
1
73
1 1 0
1 1 1
1 1 1
1 1 0
1 1 1
1 1 0
1 1 0
1 1 1
1 1 0
1 1 1
1 1 0
1 1 1
1 1 0
1 1 0
1 1 0
1 1 1
1 1 1
1 1 0
1 1 0
1 1 0
1 1 1
1 1 0
1 1 0
1 1 0
1 1 1
1 1 1
1 1 0
1 1 0
1 1 1
1 1 0
1 1 0
1 1 1
1 1 0
1 1 0
1 1 0
1 1 0
1 1 1
1 1 1
1 1 0
1 1 1
1 1 0
1 1 1
1 1 1
1 1 0
1 1 0
1 1 0
1 1 0
1 1 1
1 1 0
1 1 1
1 1 1
1 1 0
1 1 1
1 1 0
1 1 0
1 1 0
1 1 1
1 1 0
1 1 0
1 1 0
1 1 1
1 1 1
1 1 0
1 1 0
1 1 1
1 1 0
1 1 1
1 1 1
1 1 0
1 1 1
1 1 0
1 1 1
1 1 0
1
39
1 1 1
1 1 1
1 1 1
1 1 1
1 1 1
1 1 0
1 1 0
1 1 0
1 1 1
1 1 1
1 1 0
1 1 0
1 1 1
1 1 1
1 1 0
1 1 0
1 1 1
1 1 1
1 1 0
1 1 1
1 1 1
1 1 0
1 1 0
1 1 0
1 1 0
1 1 0
1 1 1
1 1 0
1 1 1
1 1 1
1 1 0
1 1 0
1 1 1
1 1 1
1 1 1
1 1 1
1 1 0
1 1 1
1 1 0
1
71
1 1 1
1 1 0
1 1 1
1 1 1
1 1 1
1 1 0
1 1 1
1 1 1
1 1 0
1 1 0
1 1 0
1 1 0
1 1 1
1 1 1
1 1 1
1 1 0
1 1 1
1 1 1
1 1 1
1 1 1
1 1 1
1 1 0
1 1 1
1 1 0
1 1 0
1 1 0
1 1 1
1 1 0
1 1 1
1 1 1
1 1 0
1 1 0
1 1 1
1 1 0
1 1 0
1 1 0
1 1 0
1 1 1
1 1 0
1 1 0
1 1 0
1 1 1
1 1 1
1 1 0
1 1 0
1 1 1
1 1 1
1 1 1
1 1 1
1 1 1
1 1 1
1 1 0
1 1 1
1 1 1
1 1 0
1 1 1
1 1 0
1 1 0
1 1 1
1 1 0
1 1 0
1 1 1
1 1 1
1 1 0
1 1 0
1 1 1
1 1 1
1 1 0
1 1 0
1 1 1
1 1 0
7
47
2 2 0 6 0
1 4 0
3 5 1 3 0 4 0
2 4 0 5 0
1 6 1
3 5 0 3 0 6 0
2 3 1 1 0
4 1 0 6 0 3 0 2 0
5 5 0 4 0 2 0 3 0 1 0
1 6 1
6 6 1 4 0 3 0 5 0 7 0 2 0
4 3 0 4 0 6 0 2 0
4 4 0 3 0 5 0 7 0
3 4 0 2 0 7 0
4 4 1 3 0 5 0 4 0
3 7 0 3 0 2 0
1 3 0
2 3 0 7 0
4 6 1 5 0 6 0 3 0
1 3 1
5 5 1 6 0 4 0 3 0 7 0
1 5 0
4 4 0 5 0 7 0 1 0
4 6 0 7 0 1 0 3 0
4 5 0 7 0 6 0 4 0
3 5 0 6 0 3 0
4 5 0 3 0 6 0 7 0
4 4 0 3 0 1 0 6 0
4 5 1 4 0 3 0 2 0
3 3 0 2 0 5 0
3 4 0 3 0 7 0
5 7 1 1 0 4 0 3 0 5 0
4 4 1 5 0 6 0 4 0
1 4 1
3 4 1 2 0 6 0
4 2 1 2 0 7 0 3 0
1 6 0
2 7 1 2 0
2 1 1 6 0
3 7 1 4 0 5 0
2 5 0 6 0
4 4 0 5 0 7 0 1 0
4 4 0 3 0 7 0 1 0
2 3 0 1 0
1 1 0
2 6 1 4 0
2 6 0 3 0
5
4
2 4 0 2 0
3 2 1 1 0 3 0
1 4 1
4 2 1 2 0 1 0 5 0
10
8
6 1 0 2 0 9 0 6 0 3 0 5 0
1 10 1
1 6 0
1 2 0
4 8 0 9 0 6 0 7 0
2 6 1 7 0
6 4 1 9 0 10 0 2 0 3 0 4 0
7 2 1 6 0 5 0 10 0 8 0 9 0 1 0
2
93
1 2 1
1 2 1
1 1 0
1 2 1
1 1 0
2 2 1 2 0
2 1 0 2 0
2 2 1 2 0
1 1 1
1 2 0
2 1 1 2 0
1 2 0
1 1 1
1 1 1
2 1 0 2 0
1 2 0
1 1 0
1 1 1
1 1 0
1 1 1
1 2 0
2 1 0 2 0
2 1 1 2 0
1 1 0
1 2 1
1 2 1
1 1 0
2 1 1 1 0
2 2 0 1 0
1 1 0
2 1 1 2 0
2 2 1 1 0
2 2 1 2 0
1 2 0
1 2 0
1 2 0
2 1 1 2 0
1 2 0
1 2 0
1 2 1
1 2 0
1 1 0
1 1 1
1 1 1
2 1 1 2 0
1 1 1
2 2 0 1 0
2 1 1 2 0
2 1 1 1 0
1 1 1
1 2 1
1 1 1
1 2 0
2 1 0 2 0
1 1 0
1 2 0
2 1 1 1 0
1 1 0
1 2 1
1 2 0
2 2 1 1 0
2 2 0 1 0
2 2 0 1 0
2 2 0 1 0
1 1 0
2 1 0 2 0
2 1 0 2 0
2 2 0 1 0
1 2 0
1 2 0
2 1 1 1 0
1 1 0
2 2 1 1 0
2 1 0 2 0
2 1 1 2 0
1 2 1
2 1 1 2 0
2 1 1 1 0
2 1 0 2 0
1 2 0
2 2 0 1 0
1 2 0
1 1 0
2 2 1 1 0
2 1 1 2 0
1 2 1
1 1 1
2 1 0 2 0
1 2 1
1 2 0
1 1 0
2 1 1 2 0
1 1 1
2
39
2 1 1 2 0
2 2 1 1 0
1 1 1
2 1 0 2 0
2 1 1 2 0
1 1 1
1 1 1
1 2 0
1 2 0
2 2 1 2 0
1 1 1
1 2 0
1 1 0
1 1 0
2 1 0 2 0
2 2 1 1 0
2 1 1 2 0
1 2 0
1 1 0
2 2 0 1 0
2 1 1 2 0
2 1 1 2 0
1 2 0
1 2 0
2 1 1 2 0
1 2 0
2 1 1 2 0
1 2 1
1 2 1
1 1 0
2 1 1 1 0
2 1 1 2 0
2 2 1 1 0
1 1 0
1 2 0
1 2 1
2 1 0 2 0
1 1 0
1 1 0
10
15
1 4 0
3 6 1 8 0 2 0
3 4 0 7 0 2 0
3 3 0 4 0 1 0
1 2 1
7 1 1 4 0 10 0 2 0 3 0 9 0 1 0
3 3 0 9 0 4 0
3 5 0 9 0 8 0
4 10 0 1 0 7 0 4 0
7 4 0 1 0 9 0 6 0 10 0 8 0 2 0
1 1 0
3 4 1 10 0 4 0
5 5 1 8 0 5 0 1 0 7 0
5 1 0 8 0 9 0 2 0 7 0
2 9 0 3 0
4
7
3 1 0 3 0 2 0
2 1 1 3 0
2 1 1 1 0
1 1 1
2 2 1 1 0
3 1 1 4 0 2 0
1 2 0
6
18
5 5 1 5 0 4 0 1 0 3 0
3 2 1 3 0 1 0
3 2 0 1 0 4 0
4 3 1 3 0 1 0 5 0
5 2 1 3 0 4 0 1 0 5 0
2 6 1 5 0
5 6 1 2 0 5 0 4 0 1 0
1 1 0
2 5 0 6 0
5 6 1 3 0 6 0 1 0 5 0
2 6 0 5 0
4 2 1 3 0 6 0 5 0
1 4 1
4 3 0 5 0 6 0 1 0
5 2 1 1 0 6 0 2 0 5 0
3 3 1 6 0 4 0
5 6 1 5 0 2 0 6 0 3 0
1 6 0
8
53
5 2 0 7 0 1 0 3 0 4 0
6 6 1 5 0 6 0 2 0 3 0 4 0
4 2 0 3 0 5 0 6 0
5 6 1 8 0 1 0 2 0 5 0
1 7 1
4 5 0 3 0 1 0 6 0
2 8 1 2 0
5 3 0 5 0 2 0 1 0 4 0
1 1 1
3 6 1 6 0 8 0
3 4 1 7 0 5 0
3 8 1 4 0 8 0
3 7 1 3 0 4 0
5 8 0 2 0 3 0 1 0 5 0
4 2 0 8 0 3 0 6 0
4 1 0 6 0 2 0 3 0
2 8 0 2 0
4 4 0 6 0 8 0 1 0
4 8 0 4 0 5 0 3 0
1 8 0
4 4 1 8 0 7 0 4 0
3 4 1 1 0 7 0
2 1 0 2 0
3 3 0 2 0 7 0
5 5 1 8 0 1 0 3 0 6 0
3 2 0 8 0 5 0
4 7 1 6 0 1 0 4 0
7 4 0 3 0 2 0 7 0 5 0 6 0 8 0
5 6 0 8 0 5 0 3 0 1 0
4 6 0 7 0 4 0 5 0
2 7 1 6 0
4 3 0 4 0 2 0 7 0
3 2 0 8 0 1 0
3 3 1 5 0 1 0
5 5 1 4 0 6 0 2 0 7 0
3 3 1 4 0 7 0
2 4 0 7 0
2 2 1 1 0
2 8 1 6 0
5 5 1 3 0 2 0 5 0 7 0
2 4 0 1 0
3 7 0 2 0 4 0
4 1 1 4 0 5 0 3 0
3 5 1 6 0 1 0
3 5 1 3 0 2 0
5 2 0 1 0 8 0 5 0 7 0
3 3 0 2 0 5 0
1 3 0
6 2 0 8 0 5 0 3 0 6 0 7 0
4 6 0 1 0 8 0 4 0
6 8 0 3 0 5 0 2 0 6 0 7 0
5 8 1 3 0 6 0 7 0 4 0
5 2 1 4 0 1 0 2 0 8 0
6
17
4 1 0 6 0 3 0 2 0
2 1 0 6 0
1 4 1
5 2 1 5 0 6 0 2 0 4 0
2 6 0 2 0
3 3 1 1 0 2 0
3 2 0 5 0 1 0
4 4 0 6 0 3 0 5 0
3 4 0 3 0 2 0
4 6 1 4 0 1 0 2 0
1 6 0
2 2 1 3 0
4 6 0 4 0 5 0 3 0
3 5 0 6 0 2 0
3 1 0 3 0 6 0
3 4 1 5 0 2 0
5 1 1 5 0 2 0 4 0 3 0
8
14
3 7 0 4 0 6 0
2 7 1 8 0
4 3 0 6 0 8 0 4 0
6 3 0 1 0 2 0 8 0 6 0 4 0
1 3 0
5 1 1 1 0 2 0 5 0 4 0
6 8 1 8 0 5 0 3 0 1 0 2 0
5 3 0 7 0 6 0 5 0 4 0
3 4 0 7 0 6 0
1 8 1
3 6 0 4 0 3 0
6 2 0 4 0 3 0 1 0 7 0 8 0
2 7 1 2 0
2 3 1 3 0
10
43
5 6 0 5 0 8 0 2 0 9 0
5 6 0 9 0 3 0 1 0 10 0
4 7 0 1 0 8 0 4 0
4 9 0 4 0 10 0 3 0
1 4 0
2 1 1 8 0
1 6 0
5 6 0 5 0 8 0 3 0 10 0
4 2 0 8 0 6 0 1 0
4 5 1 2 0 9 0 5 0
8 7 1 9 0 7 0 3 0 5 0 8 0 10 0 2 0
2 6 0 3 0
4 3 1 5 0 8 0 2 0
1 4 0
1 3 1
4 7 0 1 0 3 0 2 0
3 6 0 3 0 9 0
1 3 1
3 4 0 10 0 8 0
1 7 1
1 1 0
4 3 1 1 0 10 0 7 0
6 9 1 8 0 6 0 10 0 7 0 1 0
6 1 0 4 0 6 0 10 0 8 0 7 0
3 5 1 8 0 1 0
5 1 0 8 0 7 0 10 0 9 0
1 2 1
2 5 0 6 0
4 7 1 10 0 5 0 6 0
6 8 1 2 0 10 0 7 0 9 0 4 0
2 4 1 2 0
6 8 0 2 0 5 0 6 0 1 0 3 0
3 7 0 10 0 5 0
4 1 0 3 0 5 0 2 0
5 6 0 10 0 2 0 7 0 3 0
1 9 1
4 10 1 9 0 1 0 10 0
8 3 1 4 0 7 0 8 0 6 0 2 0 3 0 9 0
4 2 1 10 0 2 0 9 0
6 3 0 10 0 5 0 4 0 6 0 8 0
6 10 1 7 0 9 0 5 0 4 0 3 0
2 4 1 10 0
6 3 1 7 0 6 0 3 0 4 0 1 0
7
51
4 3 0 7 0 5 0 1 0
4 3 1 6 0 3 0 5 0
2 2 1 6 0
5 7 0 4 0 3 0 6 0 2 0
3 3 0 5 0 7 0
3 3 0 2 0 1 0
2 2 1 1 0
6 5 0 2 0 7 0 4 0 1 0 3 0
1 1 1
2 3 0 1 0
5 1 1 1 0 2 0 7 0 4 0
5 7 1 3 0 1 0 6 0 4 0
4 7 0 2 0 5 0 3 0
4 6 1 2 0 3 0 1 0
5 6 0 5 0 3 0 7 0 1 0
4 1 0 3 0 7 0 6 0
4 1 1 6 0 1 0 7 0
2 4 0 6 0
1 2 0
2 2 0 4 0
6 4 0 2 0 7 0 3 0 6 0 5 0
3 5 0 1 0 4 0
3 2 0 5 0 4 0
5 7 1 5 0 4 0 7 0 6 0
5 2 0 5 0 6 0 1 0 7 0
3 1 1 6 0 7 0
4 5 1 4 0 5 0 1 0
5 6 0 7 0 3 0 1 0 4 0
5 2 1 4 0 6 0 5 0 2 0
3 2 0 7 0 6 0
1 6 1
2 5 1 2 0
5 4 1 3 0 2 0 7 0 5 0
3 2 1 3 0 4 0
3 3 1 6 0 2 0
1 1 0
3 1 0 7 0 4 0
3 6 0 2 0 4 0
1 4 0
5 1 0 2 0 7 0 5 0 6 0
3 7 1 2 0 5 0
6 5 1 1 0 5 0 6 0 3 0 4 0
5 5 0 2 0 3 0 1 0 6 0
3 5 1 7 0 3 0
4 4 0 7 0 3 0 5 0
1 5 0
1 1 1
3 4 1 3 0 4 0
3 6 1 5 0 6 0
4 6 0 2 0 7 0 1 0
3 1 0 7 0 4 0
9
3
3 9 1 6 0 5 0
3 9 0 4 0 7 0
5 1 0 3 0 6 0 4 0 5 0
5
100
4 1 0 5 0 3 0 2 0
3 2 0 4 0 1 0
3 5 0 4 0 1 0
3 1 1 4 0 2 0
2 4 0 2 0
2 3 1 3 0
1 1 1
3 3 1 3 0 5 0
1 5 1
4 3 0 5 0 2 0 4 0
2 5 1 4 0
2 3 0 4 0
1 2 0
1 5 1
1 2 0
3 4 0 2 0 1 0
1 1 1
4 2 1 1 0 2 0 5 0
1 3 1
2 4 0 1 0
4 5 0 2 0 1 0 4 0
3 2 0 1 0 5 0
1 2 1
2 2 0 3 0
1 1 1
2 2 0 5 0
2 5 1 4 0
4 2 0 5 0 4 0 1 0
2 5 1 4 0
3 3 1 4 0 5 0
3 3 0 1 0 5 0
1 5 1
2 3 1 2 0
4 5 1 4 0 5 0 1 0
3 2 0 5 0 3 0
1 3 1
4 3 0 1 0 4 0 2 0
4 2 1 5 0 4 0 1 0
2 3 0 5 0
4 1 1 4 0 2 0 3 0
3 5 0 2 0 3 0
1 3 1
1 1 1
2 3 1 2 0
3 2 0 4 0 5 0
2 3 0 1 0
1 3 1
3 5 1 2 0 4 0
3 4 0 3 0 1 0
4 2 1 4 0 2 0 5 0
3 2 1 5 0 3 0
5 3 0 4 0 1 0 5 0 2 0
3 3 0 5 0 1 0
2 2 0 3 0
3 5 1 4 0 3 0
3 1 1 5 0 3 0
2 3 0 4 0
4 1 0 5 0 3 0 2 0
2 4 0 1 0
4 4 0 2 0 5 0 1 0
1 5 0
3 2 0 4 0 1 0
3 4 0 5 0 3 0
1 2 1
3 4 1 5 0 2 0
2 5 1 3 0
1 4 0
3 5 1 1 0 5 0
3 2 1 3 0 1 0
4 1 1 2 0 4 0 3 0
1 3 1
2 4 0 1 0
4 3 1 1 0 5 0 4 0
3 2 0 5 0 4 0
2 1 1 4 0
2 2 1 4 0
1 3 0
3 3 0 4 0 1 0
2 2 1 3 0
3 2 1 5 0 1 0
5 2 0 5 0 1 0 4 0 3 0
4 3 0 4 0 2 0 5 0
2 1 0 4 0
2 1 1 3 0
1 2 1
4 4 1 4 0 5 0 3 0
1 3 1
3 5 0 4 0 2 0
1 2 1
3 3 1 4 0 1 0
2 2 0 4 0
4 2 1 4 0 2 0 1 0
1 5 1
2 1 1 5 0
3 5 0 4 0 2 0
2 5 1 1 0
2 1 0 3 0
3 5 1 2 0 5 0
2 3 0 2 0
2 1 0 5 0
8
30
3 6 1 4 0 2 0
5 8 1 5 0 3 0 2 0 7 0
4 2 0 4 0 5 0 1 0
1 1 1
5 1 0 5 0 8 0 2 0 3 0
5 6 1 4 0 5 0 6 0 2 0
4 4 1 7 0 8 0 2 0
6 2 0 5 0 3 0 1 0 8 0 7 0
2 3 1 5 0
6 4 0 2 0 3 0 6 0 1 0 7 0
4 3 1 7 0 6 0 3 0
2 1 0 8 0
3 8 1 6 0 8 0
1 7 0
1 1 1
3 5 0 4 0 1 0
3 4 0 6 0 8 0
3 6 1 3 0 7 0
6 7 1 1 0 7 0 2 0 3 0 6 0
3 7 1 7 0 6 0
4 4 0 7 0 3 0 1 0
3 4 0 8 0 5 0
3 3 1 4 0 1 0
5 6 0 1 0 2 0 5 0 3 0
3 1 1 6 0 3 0
5 5 1 2 0 7 0 4 0 8 0
3 2 0 1 0 4 0
3 7 1 4 0 8 0
6 7 0 1 0 8 0 3 0 5 0 4 0
5 6 1 3 0 8 0 6 0 1 0
2
66
1 1 1
1 2 1
1 2 0
2 1 0 2 0
1 1 1
1 2 0
2 1 0 2 0
2 2 0 1 0
2 1 1 2 0
1 1 0
1 2 0
1 2 0
2 1 0 2 0
2 2 0 1 0
1 2 0
1 1 0
1 1 0
1 1 0
2 2 1 2 0
1 2 0
1 2 0
1 1 0
2 1 1 1 0
2 2 1 2 0
1 1 0
1 1 1
1 2 1
1 1 0
2 1 1 2 0
1 1 0
2 1 1 2 0
2 1 0 2 0
1 1 0
1 2 0
1 1 0
2 2 1 2 0
2 1 1 2 0
2 2 1 2 0
1 2 1
1 1 0
2 2 1 1 0
1 1 0
1 2 0
1 2 1
2 1 1 2 0
1 2 0
2 2 1 1 0
1 2 0
1 2 1
1 2 0
1 2 0
1 1 0
1 1 1
1 2 1
1 1 1
1 1 1
2 2 1 2 0
2 1 1 2 0
2 2 1 1 0
1 2 1
2 1 1 2 0
1 1 0
1 1 1
1 2 0
1 1 1
2 1 1 2 0
1
6
1 1 0
1 1 1
1 1 0
1 1 0
1 1 1
1 1 1
1
81
1 1 1
1 1 1
1 1 1
1 1 1
1 1 0
1 1 0
1 1 0
1 1 1
1 1 1
1 1 1
1 1 0
1 1 1
1 1 0
1 1 0
1 1 0
1 1 0
1 1 1
1 1 0
1 1 0
1 1 0
1 1 1
1 1 0
1 1 0
1 1 1
1 1 0
1 1 0
1 1 1
1 1 1
1 1 0
1 1 0
1 1 0
1 1 1
1 1 1
1 1 0
1 1 1
1 1 1
1 1 1
1 1 1
1 1 1
1 1 0
1 1 0
1 1 1
1 1 1
1 1 1
1 1 1
1 1 1
1 1 0
1 1 0
1 1 0
1 1 0
1 1 1
1 1 1
1 1 1
1 1 0
1 1 0
1 1 0
1 1 1
1 1 0
1 1 1
1 1 1
1 1 1
1 1 0
1 1 0
1 1 0
1 1 1
1 1 0
1 1 0
1 1 0
1 1 0
1 1 0
1 1 0
1 1 1
1 1 0
1 1 1
1 1 1
1 1 0
1 1 0
1 1 0
1 1 0
1 1 0
1 1 1
10
79
2 3 0 10 0
3 9 1 6 0 8 0
5 2 0 1 0 7 0 9 0 10 0
3 2 1 8 0 2 0
3 6 0 4 0 5 0
5 2 0 7 0 5 0 4 0 6 0
5 6 1 8 0 1 0 2 0 4 0
1 5 0
3 2 1 7 0 3 0
3 5 0 7 0 4 0
6 4 1 2 0 4 0 6 0 5 0 3 0
6 8 0 2 0 3 0 9 0 10 0 1 0
1 2 1
8 10 1 8 0 7 0 3 0 10 0 4 0 9 0 6 0
5 9 0 8 0 3 0 5 0 6 0
6 7 1 1 0 9 0 7 0 6 0 2 0
6 4 1 1 0 8 0 10 0 7 0 9 0
2 10 1 7 0
3 10 0 1 0 3 0
2 9 0 2 0
6 8 1 6 0 2 0 10 0 5 0 3 0
7 7 1 5 0 6 0 10 0 4 0 8 0 3 0
4 9 1 10 0 5 0 1 0
6 8 1 4 0 9 0 2 0 1 0 10 0
2 1 1 8 0
8 8 0 4 0 10 0 9 0 3 0 5 0 6 0 7 0
6 8 1 2 0 3 0 9 0 6 0 4 0
1 4 1
1 2 1
1 6 0
6 9 1 8 0 1 0 7 0 4 0 6 0
8 7 1 2 0 7 0 5 0 10 0 4 0 1 0 8 0
5 3 0 4 0 7 0 5 0 6 0
6 9 1 4 0 8 0 7 0 3 0 10 0
7 1 1 9 0 2 0 10 0 7 0 4 0 3 0
4 8 0 10 0 7 0 6 0
2 1 0 3 0
3 8 1 2 0 7 0
2 3 0 7 0
1 3 0
4 6 0 2 0 3 0 9 0
5 7 0 8 0 2 0 3 0 5 0
7 4 0 6 0 10 0 9 0 1 0 7 0 3 0
2 8 1 3 0
6 2 0 9 0 7 0 3 0 1 0 5 0
2 7 0 10 0
4 1 1 6 0 7 0 5 0
4 5 1 3 0 6 0 1 0
1 2 1
4 8 0 4 0 3 0 5 0
8 4 1 4 0 2 0 6 0 1 0 9 0 7 0 5 0
3 7 1 8 0 5 0
2 7 0 4 0
5 9 0 7 0 5 0 10 0 8 0
1 9 1
3 3 0 5 0 7 0
8 5 0 8 0 10 0 3 0 2 0 9 0 7 0 4 0
8 4 0 1 0 6 0 3 0 9 0 2 0 8 0 10 0
2 10 1 1 0
5 5 0 4 0 9 0 8 0 2 0
7 6 0 3 0 4 0 8 0 9 0 5 0 2 0
9 9 1 1 0 10 0 5 0 2 0 7 0 3 0 9 0 6 0
6 7 1 4 0 3 0 1 0 9 0 7 0
7 9 1 3 0 9 0 2 0 8 0 1 0 6 0
3 8 0 9 0 5 0
1 7 1
8 7 1 6 0 2 0 1 0 4 0 10 0 5 0 8 0
4 6 0 8 0 5 0 1 0
6 5 0 7 0 9 0 2 0 4 0 10 0
5 5 0 4 0 6 0 8 0 2 0
1 6 1
2 10 0 8 0
4 4 1 1 0 6 0 9 0
3 3 0 2 0 9 0
5 4 0 6 0 7 0 1 0 10 0
5 7 1 8 0 2 0 4 0 6 0
4 2 1 10 0 4 0 1 0
5 8 1 6 0 10 0 8 0 5 0
1 6 0
4
4
2 1 0 4 0
3 3 1 2 0 3 0
2 3 1 3 0
2 4 1 2 0
5
21
2 2 1 3 0
2 5 0 3 0
3 3 0 2 0 1 0
3 1 0 2 0 4 0
2 4 1 1 0
3 2 0 3 0 1 0
4 4 1 4 0 5 0 2 0
3 3 0 1 0 4 0
1 1 0
4 3 0 4 0 1 0 2 0
1 1 1
1 5 1
3 5 1 5 0 1 0
2 1 0 5 0
2 4 1 5 0
1 4 1
3 4 0 5 0 2 0
2 2 0 5 0
4 3 1 5 0 2 0 3 0
3 2 1 5 0 1 0
3 5 1 4 0 5 0
6
100
2 3 1 2 0
3 2 1 5 0 4 0
1 6 0
3 5 0 2 0 4 0
1 1 1
3 3 0 1 0 5 0
3 2 0 4 0 6 0
1 1 0
3 6 0 2 0 5 0
1 6 0
4 3 0 2 0 5 0 4 0
4 4 1 4 0 3 0 2 0
3 4 0 5 0 2 0
1 5 0
2 1 1 4 0
3 1 0 6 0 3 0
4 2 1 1 0 2 0 5 0
5 3 1 2 0 1 0 4 0 3 0
4 6 1 6 0 2 0 4 0
1 3 0
4 5 1 1 0 4 0 2 0
3 6 0 1 0 5 0
3 1 0 5 0 6 0
1 2 1
2 5 0 6 0
4 6 0 1 0 4 0 5 0
2 2 1 4 0
3 3 1 1 0 5 0
1 1 1
2 3 1 4 0
5 6 1 3 0 5 0 2 0 6 0
3 6 0 3 0 1 0
3 5 1 2 0 3 0
3 6 0 3 0 2 0
3 2 1 4 0 3 0
4 5 1 2 0 1 0 3 0
5 5 1 2 0 3 0 5 0 4 0
3 1 0 3 0 6 0
1 1 1
3 2 0 4 0 1 0
4 1 1 3 0 1 0 2 0
4 2 1 5 0 4 0 6 0
3 5 0 1 0 2 0
3 1 1 3 0 6 0
2 1 0 5 0
2 1 1 4 0
3 5 0 4 0 3 0
4 1 1 4 0 5 0 6 0
4 2 0 5 0 6 0 1 0
1 3 1
6 1 1 5 0 3 0 4 0 1 0 6 0
2 3 1 6 0
1 6 0
3 1 1 2 0 6 0
2 6 0 2 0
4 5 1 2 0 3 0 4 0
4 1 0 5 0 2 0 3 0
3 2 0 1 0 5 0
3 1 1 6 0 5 0
4 2 0 3 0 4 0 1 0
5 3 1 5 0 4 0 3 0 2 0
3 2 1 2 0 5 0
4 3 1 4 0 3 0 6 0
5 5 1 3 0 2 0 1 0 4 0
2 4 1 5 0
5 3 1 2 0 3 0 6 0 4 0
1 2 1
3 4 0 2 0 3 0
2 4 0 1 0
5 4 0 6 0 2 0 5 0 1 0
1 4 0
3 4 1 6 0 2 0
3 6 0 2 0 3 0
3 5 1 3 0 5 0
3 6 1 6 0 4 0
3 5 1 2 0 5 0
3 4 1 5 0 1 0
3 6 0 1 0 4 0
2 5 1 2 0
2 6 0 5 0
4 6 1 5 0 6 0 3 0
3 3 1 2 0 3 0
3 6 1 6 0 2 0
5 1 1 1 0 6 0 3 0 4 0
1 5 0
5 3 1 5 0 6 0 2 0 3 0
4 3 0 1 0 2 0 4 0
4 6 1 4 0 3 0 2 0
5 6 1 3 0 6 0 4 0 1 0
5 1 0 4 0 3 0 6 0 2 0
2 1 0 5 0
1 2 0
3 2 1 3 0 2 0
1 1 0
2 1 1 1 0
3 4 1 4 0 3 0
2 4 1 6 0
3 2 1 3 0 2 0
3 2 0 4 0 6 0
4 1 1 1 0 4 0 5 0
8
27
2 4 0 5 0
4 5 0 2 0 7 0 6 0
5 4 1 5 0 2 0 3 0 1 0
4 8 0 3 0 2 0 7 0
4 6 1 1 0 7 0 3 0
6 5 1 6 0 2 0 3 0 4 0 8 0
4 8 1 1 0 2 0 5 0
4 4 0 7 0 3 0 1 0
5 4 0 6 0 5 0 2 0 8 0
5 8 1 4 0 5 0 2 0 6 0
5 2 1 3 0 2 0 5 0 4 0
2 4 1 5 0
7 8 1 2 0 6 0 5 0 4 0 1 0 7 0
5 5 0 8 0 6 0 3 0 2 0
5 8 1 4 0 2 0 6 0 3 0
2 3 1 3 0
5 4 0 2 0 1 0 3 0 5 0
2 7 1 5 0
6 2 1 2 0 1 0 4 0 8 0 5 0
5 6 1 7 0 2 0 5 0 4 0
6 5 0 7 0 2 0 1 0 8 0 6 0
5 8 1 2 0 6 0 7 0 5 0
2 2 0 8 0
3 6 0 8 0 1 0
3 8 0 2 0 7 0
6 1 0 8 0 2 0 5 0 4 0 3 0
4 3 0 6 0 4 0 7 0
4
64
1 4 1
3 1 1 4 0 2 0
3 1 1 1 0 3 0
1 1 1
3 3 1 3 0 1 0
3 1 0 4 0 2 0
1 3 0
1 2 0
3 3 0 4 0 2 0
1 1 0
2 1 0 3 0
2 4 0 2 0
3 2 1 3 0 4 0
3 3 0 4 0 1 0
2 3 1 1 0
2 1 1 3 0
4 1 1 2 0 1 0 3 0
1 4 1
2 2 0 4 0
2 3 1 1 0
3 2 0 4 0 1 0
2 2 1 4 0
2 4 0 2 0
2 1 1 1 0
2 3 0 1 0
3 2 1 2 0 1 0
3 4 0 1 0 3 0
3 3 1 3 0 1 0
4 4 1 3 0 1 0 2 0
2 3 1 1 0
1 2 1
3 1 1 1 0 2 0
2 3 0 2 0
2 2 1 2 0
3 2 1 2 0 1 0
1 1 0
2 2 0 1 0
2 1 0 2 0
3 1 0 4 0 3 0
1 1 1
2 3 0 4 0
1 4 0
1 2 0
3 3 0 4 0 1 0
1 2 0
1 1 0
3 2 1 4 0 2 0
1 2 0
3 2 0 1 0 3 0
3 2 0 3 0 1 0
3 1 1 4 0 2 0
2 1 1 4 0
3 4 1 2 0 4 0
2 2 0 4 0
3 3 1 1 0 3 0
3 2 0 1 0 4 0
3 1 0 2 0 4 0
4 1 0 3 0 4 0 2 0
2 2 1 3 0
2 2 1 1 0
1 3 0
3 4 1 1 0 4 0
2 2 1 1 0
2 3 1 4 0
7
53
4 4 0 6 0 5 0 1 0
4 3 1 1 0 5 0 7 0
3 3 0 7 0 5 0
3 2 0 5 0 3 0
4 1 1 5 0 1 0 3 0
1 2 1
2 6 1 5 0
3 7 1 4 0 3 0
5 4 1 3 0 4 0 2 0 5 0
5 1 1 6 0 5 0 4 0 7 0
1 4 1
4 2 1 5 0 1 0 3 0
3 2 1 3 0 5 0
5 6 1 6 0 7 0 3 0 2 0
3 1 1 3 0 2 0
4 3 1 6 0 5 0 7 0
2 7 1 2 0
4 5 1 6 0 1 0 5 0
1 5 1
3 4 0 5 0 7 0
6 5 0 6 0 4 0 1 0 3 0 2 0
1 4 1
3 4 0 6 0 3 0
3 7 0 4 0 5 0
5 5 1 3 0 1 0 6 0 4 0
5 6 1 6 0 5 0 4 0 2 0
5 6 0 3 0 4 0 7 0 2 0
6 3 1 6 0 1 0 3 0 4 0 7 0
4 1 0 5 0 6 0 4 0
4 1 1 3 0 5 0 2 0
4 4 1 1 0 7 0 3 0
4 2 0 5 0 3 0 1 0
4 4 0 2 0 3 0 5 0
3 6 0 3 0 1 0
3 6 0 3 0 2 0
5 2 0 4 0 5 0 7 0 6 0
6 6 1 2 0 5 0 6 0 3 0 4 0
3 4 0 1 0 6 0
3 7 0 5 0 4 0
3 3 0 7 0 6 0
2 6 1 2 0
3 2 1 6 0 7 0
4 4 1 5 0 6 0 2 0
2 1 1 3 0
4 4 1 5 0 7 0 4 0
3 3 1 7 0 4 0
4 7 1 3 0 7 0 2 0
2 7 1 1 0
3 6 0 7 0 3 0
4 1 0 2 0 4 0 6 0
3 7 0 2 0 3 0
2 5 1 3 0
4 6 0 3 0 7 0 1 0
2
34
2 1 0 2 0
1 1 0
1 1 1
1 2 1
1 1 1
2 2 1 2 0
1 2 1
1 2 1
2 2 0 1 0
1 2 0
1 2 1
2 1 1 1 0
2 1 1 1 0
1 2 0
2 1 1 2 0
1 2 0
1 1 0
2 2 1 1 0
2 1 1 2 0
1 1 0
1 1 1
2 2 1 2 0
1 2 1
1 1 1
2 2 1 1 0
1 2 0
1 1 0
2 2 1 2 0
2 1 1 1 0
2 1 1 1 0
2 1 0 2 0
1 1 0
1 1 0
1 2 1
2
75
1 1 1
1 2 0
2 1 1 1 0
2 2 1 2 0
1 2 0
1 2 0
2 1 0 2 0
2 1 1 1 0
1 2 0
1 2 0
2 2 1 2 0
1 1 0
1 1 1
2 1 1 1 0
2 1 1 2 0
1 1 0
1 2 0
2 2 1 1 0
2 1 0 2 0
2 2 0 1 0
1 2 1
1 1 1
2 2 1 1 0
1 1 0
2 1 1 2 0
2 2 1 2 0
2 2 1 1 0
2 1 1 1 0
1 1 1
2 1 1 2 0
1 2 0
1 2 1
1 2 0
1 2 0
2 1 1 1 0
2 1 1 2 0
1 1 1
2 2 1 1 0
2 2 1 2 0
1 2 0
1 1 0
1 1 0
2 1 0 2 0
1 1 1
1 1 0
1 1 1
1 2 0
2 2 0 1 0
1 2 1
2 2 1 2 0
2 2 1 1 0
1 2 0
1 1 1
1 2 1
1 1 0
1 1 1
1 1 0
2 2 0 1 0
2 2 1 2 0
1 1 0
1 1 0
1 2 0
2 1 1 2 0
1 2 1
1 1 0
1 2 1
1 1 1
1 2 0
2 1 0 2 0
1 1 0
1 1 1
1 2 0
2 2 0 1 0
1 2 0
2 1 1 2 0
4
82
2 2 0 3 0
1 3 1
2 2 0 4 0
2 4 0 3 0
3 4 0 2 0 3 0
4 1 1 2 0 1 0 4 0
3 4 0 2 0 3 0
3 4 1 4 0 3 0
3 2 1 2 0 3 0
1 1 0
3 2 0 1 0 4 0
3 2 0 1 0 4 0
3 4 1 3 0 2 0
3 2 0 1 0 3 0
2 2 0 3 0
1 2 1
1 1 1
3 3 1 3 0 2 0
3 1 0 3 0 2 0
2 4 1 2 0
3 3 1 2 0 1 0
2 1 0 4 0
1 1 0
4 3 1 3 0 1 0 4 0
2 4 0 2 0
2 4 1 1 0
1 4 1
2 3 0 1 0
3 1 1 2 0 1 0
3 2 0 3 0 4 0
3 2 1 1 0 3 0
2 4 0 1 0
3 2 1 3 0 1 0
1 3 0
3 3 1 3 0 2 0
2 2 0 3 0
1 4 1
4 4 1 3 0 2 0 4 0
1 3 0
3 1 0 4 0 3 0
2 4 1 3 0
2 1 0 4 0
3 1 0 3 0 4 0
1 3 1
2 4 1 4 0
1 4 0
1 4 0
3 4 1 4 0 1 0
1 2 0
3 2 0 3 0 1 0
1 4 1
2 1 0 4 0
2 2 1 3 0
1 2 0
2 4 1 1 0
4 1 0 4 0 2 0 3 0
2 2 1 1 0
1 1 1
2 2 0 4 0
2 3 0 2 0
3 4 0 3 0 1 0
3 2 1 2 0 1 0
1 3 1
2 4 0 3 0
3 3 1 2 0 1 0
1 1 0
3 1 0 3 0 4 0
2 3 1 1 0
1 1 1
1 1 1
2 4 0 1 0
3 4 1 4 0 2 0
3 2 0 1 0 4 0
1 2 0
3 1 1 2 0 1 0
2 1 1 3 0
3 3 1 2 0 1 0
1 2 0
4 4 1 2 0 1 0 4 0
3 1 0 3 0 2 0
2 2 1 1 0
1 4 0
3
7
2 2 0 1 0
1 2 0
2 2 1 1 0
2 1 0 3 0
2 2 0 3 0
1 2 1
1 3 0
7
64
1 3 0
1 1 0
1 6 1
3 3 1 4 0 6 0
4 7 1 4 0 2 0 3 0
4 4 1 6 0 5 0 1 0
4 6 1 5 0 4 0 2 0
3 6 1 1 0 5 0
5 2 1 6 0 3 0 5 0 4 0
4 3 1 5 0 1 0 4 0
2 2 1 3 0
3 2 1 4 0 5 0
4 2 1 7 0 3 0 4 0
3 2 0 1 0 3 0
1 4 1
3 1 1 6 0 5 0
2 1 0 7 0
5 3 0 4 0 6 0 5 0 7 0
4 5 0 1 0 4 0 7 0
6 3 1 5 0 4 0 6 0 3 0 1 0
4 3 0 1 0 2 0 7 0
4 7 1 6 0 7 0 1 0
4 1 0 6 0 4 0 3 0
3 2 0 6 0 7 0
4 7 1 4 0 5 0 3 0
2 4 1 6 0
5 1 1 2 0 5 0 4 0 3 0
4 4 0 1 0 7 0 3 0
5 6 0 2 0 3 0 7 0 1 0
1 5 1
5 2 0 3 0 5 0 6 0 4 0
5 5 0 1 0 6 0 2 0 4 0
1 5 0
2 7 0 3 0
2 5 0 6 0
3 4 0 6 0 3 0
5 2 0 5 0 1 0 6 0 4 0
3 2 0 7 0 6 0
4 7 0 6 0 5 0 4 0
5 4 1 2 0 7 0 3 0 4 0
5 4 0 5 0 2 0 1 0 6 0
1 7 1
4 1 1 2 0 6 0 4 0
2 6 1 4 0
3 2 0 1 0 3 0
1 5 0
4 3 1 1 0 4 0 5 0
2 1 0 3 0
2 1 0 4 0
2 6 0 3 0
5 7 0 1 0 3 0 4 0 5 0
1 2 1
1 4 0
3 4 0 7 0 2 0
4 5 0 3 0 7 0 2 0
3 3 0 5 0 4 0
5 1 0 5 0 7 0 3 0 2 0
3 3 1 2 0 4 0
2 5 0 3 0
3 5 0 6 0 1 0
5 7 0 1 0 5 0 4 0 3 0
3 4 0 5 0 2 0
3 7 0 6 0 5 0
3 7 0 4 0 3 0
1
33
1 1 1
1 1 0
1 1 1
1 1 1
1 1 0
1 1 0
1 1 1
1 1 0
1 1 0
1 1 1
1 1 0
1 1 1
1 1 1
1 1 0
1 1 1
1 1 0
1 1 1
1 1 0
1 1 1
1 1 1
1 1 0
1 1 1
1 1 1
1 1 1
1 1 0
1 1 0
1 1 1
1 1 1
1 1 1
1 1 0
1 1 0
1 1 0
1 1 1
2
39
2 1 0 2 0
1 2 0
2 2 1 2 0
2 1 0 2 0
1 2 1
1 1 1
1 1 1
1 1 1
2 1 1 1 0
1 2 1
2 1 1 2 0
2 1 1 2 0
2 2 0 1 0
1 1 1
2 2 0 1 0
2 2 0 1 0
2 2 1 1 0
1 1 0
2 2 0 1 0
2 2 0 1 0
1 1 1
1 2 1
2 2 0 1 0
2 1 0 2 0
1 2 0
2 1 1 1 0
1 1 0
1 1 1
1 1 0
2 1 1 2 0
2 2 1 2 0
1 2 1
2 2 1 1 0
1 2 0
2 2 0 1 0
1 2 0
2 1 1 2 0
1 2 0
1 2 0
3
58
2 2 0 3 0
1 3 0
1 1 0
2 1 0 3 0
1 1 0
1 1 1
1 1 1
3 2 1 3 0 1 0
1 3 0
1 1 0
1 1 1
3 1 1 2 0 3 0
1 1 0
1 1 1
3 3 1 3 0 2 0
2 2 1 3 0
1 2 1
1 3 0
2 3 0 1 0
1 1 1
1 2 1
1 1 0
3 1 1 1 0 3 0
2 3 1 1 0
3 3 1 2 0 3 0
2 3 1 1 0
1 3 0
2 2 0 3 0
3 1 0 2 0 3 0
2 1 0 3 0
3 2 0 3 0 1 0
2 1 1 2 0
1 1 0
1 3 0
1 1 0
1 3 0
2 1 1 3 0
2 3 0 1 0
2 3 0 2 0
1 3 1
1 2 0
2 3 0 1 0
1 3 0
1 2 1
2 1 0 3 0
1 2 1
2 2 0 1 0
2 3 0 1 0
1 1 0
2 2 1 2 0
3 3 0 1 0 2 0
2 2 1 1 0
1 3 0
1 3 0
2 3 1 2 0
2 1 1 3 0
1 3 0
1 3 0
5
32
5 2 1 1 0 2 0 4 0 5 0
4 2 0 1 0 4 0 5 0
1 3 0
1 2 0
4 1 1 4 0 5 0 3 0
2 3 1 3 0
4 2 0 3 0 4 0 5 0
4 1 1 3 0 4 0 2 0
5 5 1 1 0 3 0 4 0 2 0
3 1 1 1 0 3 0
4 4 1 2 0 1 0 3 0
1 1 0
4 4 1 1 0 5 0 4 0
1 4 1
2 3 0 4 0
2 1 1 2 0
3 5 1 1 0 4 0
2 2 1 4 0
4 1 0 2 0 4 0 5 0
2 2 1 3 0
3 3 1 3 0 4 0
2 3 1 5 0
2 3 1 2 0
3 2 0 3 0 4 0
1 4 0
3 2 0 5 0 3 0
2 1 0 4 0
4 5 0 2 0 1 0 3 0
1 3 0
3 1 0 3 0 5 0
4 3 0 4 0 1 0 5 0
3 5 1 5 0 3 0
3
41
3 1 1 2 0 1 0
1 2 0
2 1 1 3 0
1 3 1
2 1 0 3 0
3 1 1 2 0 1 0
2 1 1 1 0
1 1 0
2 2 1 2 0
3 2 1 1 0 2 0
2 3 1 3 0
2 2 1 2 0
3 1 0 3 0 2 0
2 1 1 1 0
1 1 1
2 1 1 3 0
2 2 0 3 0
1 3 0
1 1 0
1 3 1
2 1 0 2 0
1 3 1
3 3 1 3 0 1 0
3 3 1 2 0 3 0
3 1 1 1 0 2 0
2 3 0 2 0
1 1 0
1 2 1
1 3 1
1 2 1
2 2 0 1 0
1 3 0
2 3 1 1 0
3 1 1 1 0 2 0
1 2 0
1 2 0
1 2 0
2 2 0 1 0
1 1 0
1 3 1
2 3 0 1 0
3
16
1 3 0
1 3 0
1 2 0
2 2 0 3 0
1 3 1
3 1 1 3 0 2 0
1 3 1
2 3 0 1 0
1 3 1
3 3 0 1 0 2 0
1 1 1
1 3 1
2 1 1 1 0
2 1 1 1 0
1 1 0
2 3 1 2 0
10
78
6 9 0 3 0 6 0 4 0 8 0 7 0
1 10 1
6 10 1 10 0 3 0 6 0 4 0 8 0
4 5 1 4 0 6 0 9 0
7 10 0 2 0 5 0 1 0 9 0 4 0 6 0
2 10 0 2 0
6 5 0 1 0 3 0 10 0 2 0 6 0
2 2 0 3 0
3 8 0 7 0 9 0
4 6 1 2 0 1 0 4 0
6 2 0 9 0 3 0 1 0 10 0 6 0
4 2 1 1 0 3 0 7 0
4 6 1 5 0 8 0 2 0
4 6 1 8 0 1 0 5 0
6 8 0 4 0 6 0 5 0 10 0 2 0
7 5 1 5 0 9 0 6 0 7 0 1 0 8 0
7 7 0 6 0 10 0 1 0 5 0 3 0 9 0
1 3 0
6 4 1 8 0 6 0 2 0 1 0 4 0
6 9 0 7 0 3 0 6 0 2 0 8 0
4 8 1 7 0 10 0 4 0
1 8 0
7 5 0 4 0 3 0 6 0 8 0 2 0 10 0
6 9 0 10 0 5 0 1 0 8 0 2 0
6 4 1 5 0 7 0 10 0 1 0 4 0
2 1 1 7 0
2 1 1 8 0
4 8 0 6 0 4 0 5 0
6 7 1 5 0 6 0 9 0 3 0 8 0
2 10 0 4 0
3 8 1 3 0 5 0
4 9 0 7 0 3 0 4 0
2 7 0 3 0
5 3 1 3 0 5 0 1 0 4 0
5 3 0 1 0 6 0 4 0 9 0
6 7 0 4 0 6 0 8 0 10 0 9 0
1 4 0
6 2 1 7 0 9 0 8 0 1 0 4 0
4 3 0 2 0 9 0 5 0
2 1 0 5 0
7 8 0 6 0 2 0 5 0 3 0 9 0 4 0
9 8 1 4 0 7 0 8 0 2 0 10 0 9 0 5 0 6 0
3 9 0 5 0 1 0
1 5 0
7 5 0 2 0 7 0 8 0 3 0 4 0 9 0
3 4 1 6 0 5 0
1 2 0
5 1 0 5 0 6 0 8 0 7 0
5 8 1 3 0 9 0 4 0 6 0
5 6 0 5 0 4 0 7 0 1 0
2 10 1 4 0
5 10 1 2 0 9 0 1 0 10 0
4 10 0 9 0 4 0 3 0
8 4 1 9 0 5 0 7 0 2 0 10 0 3 0 6 0
1 4 0
5 5 1 10 0 9 0 3 0 7 0
6 7 1 9 0 6 0 5 0 10 0 3 0
1 4 1
5 7 1 7 0 3 0 8 0 1 0
3 9 1 2 0 8 0
3 8 0 2 0 1 0
6 6 1 4 0 6 0 2 0 9 0 10 0
5 7 0 5 0 3 0 9 0 4 0
5 3 1 1 0 5 0 3 0 8 0
7 1 1 9 0 2 0 5 0 3 0 8 0 4 0
5 4 0 1 0 8 0 2 0 5 0
2 7 0 5 0
3 3 1 5 0 9 0
8 2 0 7 0 1 0 4 0 6 0 3 0 8 0 5 0
7 9 0 2 0 4 0 5 0 6 0 8 0 3 0
3 8 0 6 0 3 0
8 2 1 5 0 7 0 1 0 3 0 9 0 4 0 8 0
3 1 0 4 0 3 0
6 9 1 2 0 9 0 10 0 7 0 3 0
3 8 1 1 0 3 0
1 5 1
7 6 1 8 0 6 0 3 0 2 0 4 0 1 0
5 6 0 5 0 10 0 8 0 2 0
6
28
2 2 0 5 0
3 4 0 1 0 3 0
4 4 1 5 0 3 0 2 0
1 1 0
3 4 0 2 0 6 0
3 5 0 2 0 1 0
2 1 1 5 0
3 6 1 4 0 3 0
3 3 0 6 0 5 0
4 6 0 1 0 2 0 4 0
3 2 0 4 0 1 0
4 1 0 2 0 6 0 3 0
4 5 1 2 0 1 0 5 0
1 6 1
2 1 0 6 0
3 5 1 3 0 2 0
3 2 1 2 0 4 0
3 2 1 2 0 1 0
2 2 0 5 0
4 5 1 2 0 5 0 3 0
4 4 1 6 0 4 0 3 0
3 3 1 4 0 6 0
4 6 0 5 0 4 0 2 0
5 6 1 2 0 1 0 4 0 6 0
2 2 1 1 0
4 2 0 6 0 1 0 5 0
2 2 0 5 0
3 3 1 3 0 4 0
9
27
4 2 1 4 0 2 0 3 0
2 6 0 8 0
7 8 0 4 0 3 0 5 0 9 0 1 0 2 0
4 8 0 1 0 9 0 3 0
6 4 1 6 0 4 0 5 0 9 0 1 0
5 9 1 6 0 8 0 4 0 7 0
4 4 0 1 0 8 0 6 0
4 4 1 8 0 5 0 1 0
5 2 1 6 0 3 0 5 0 8 0
1 8 0
3 8 1 2 0 8 0
5 2 0 7 0 6 0 8 0 9 0
5 3 0 5 0 7 0 4 0 1 0
4 5 0 4 0 3 0 2 0
2 6 1 8 0
1 7 1
6 3 1 9 0 5 0 8 0 4 0 7 0
4 8 1 7 0 3 0 1 0
1 2 1
6 2 1 9 0 5 0 6 0 1 0 3 0
7 1 1 8 0 2 0 4 0 6 0 5 0 1 0
2 1 1 8 0
4 9 1 7 0 4 0 6 0
3 5 0 2 0 4 0
7 3 0 1 0 8 0 5 0 7 0 4 0 6 0
5 1 1 9 0 7 0 2 0 1 0
1 1 1
7
27
4 5 0 4 0 1 0 2 0
1 4 0
2 1 0 2 0
5 6 0 5 0 1 0 4 0 3 0
2 3 1 4 0
6 7 1 7 0 3 0 1 0 6 0 4 0
5 3 1 5 0 7 0 2 0 1 0
1 5 1
2 2 1 2 0
5 6 1 2 0 4 0 7 0 1 0
4 6 0 2 0 5 0 1 0
6 1 1 5 0 4 0 1 0 7 0 6 0
1 5 0
5 3 0 1 0 5 0 7 0 6 0
3 7 0 2 0 1 0
2 6 0 2 0
4 4 1 1 0 7 0 5 0
6 4 0 3 0 2 0 1 0 6 0 5 0
3 6 1 6 0 1 0
2 1 0 5 0
4 2 1 7 0 5 0 2 0
4 1 1 1 0 6 0 7 0
2 1 0 3 0
5 5 0 4 0 6 0 1 0 3 0
5 4 0 7 0 3 0 6 0 5 0
5 6 1 2 0 1 0 7 0 3 0
2 1 1 3 0
5
44
3 2 1 5 0 2 0
2 5 0 4 0
2 5 1 2 0
5 3 1 4 0 1 0 2 0 3 0
1 2 1
2 1 1 4 0
4 3 0 1 0 4 0 2 0
1 3 0
1 1 0
1 5 0
3 4 1 3 0 5 0
2 1 0 4 0
3 3 0 1 0 4 0
4 2 1 4 0 1 0 2 0
3 4 0 5 0 2 0
1 2 0
3 5 0 4 0 2 0
4 3 1 4 0 3 0 1 0
4 2 0 1 0 5 0 3 0
2 2 0 5 0
3 1 0 4 0 5 0
2 5 1 4 0
2 5 1 2 0
3 1 0 3 0 5 0
2 5 1 1 0
3 4 1 4 0 2 0
1 3 1
2 4 0 5 0
3 5 1 3 0 1 0
4 1 0 3 0 2 0 5 0
1 3 0
2 1 1 1 0
2 2 0 4 0
4 1 1 4 0 5 0 2 0
4 3 0 5 0 2 0 4 0
2 1 0 3 0
1 5 0
2 1 0 3 0
4 5 1 4 0 5 0 2 0
1 5 0
4 4 0 2 0 3 0 5 0
2 2 1 2 0
1 5 0
1 1 0
2
78
1 2 0
1 1 1
1 2 0
2 2 1 1 0
1 2 1
1 1 0
1 1 1
1 1 1
1 1 0
1 1 0
2 2 1 2 0
2 1 0 2 0
1 2 1
1 1 1
2 2 1 2 0
1 2 1
2 1 1 1 0
1 2 0
2 2 0 1 0
2 1 0 2 0
1 2 0
1 2 1
1 2 1
2 2 1 2 0
1 1 0
1 1 1
2 1 1 2 0
2 1 1 1 0
1 1 1
2 1 1 1 0
2 2 0 1 0
1 1 1
1 2 1
1 2 0
1 2 0
1 1 0
2 2 0 1 0
1 1 1
1 1 1
2 1 0 2 0
1 1 1
2 2 1 2 0
1 2 1
1 2 0
1 2 1
1 2 1
2 1 1 2 0
1 2 1
1 1 1
2 2 0 1 0
1 2 1
1 1 0
2 1 0 2 0
1 1 0
1 1 1
2 1 1 2 0
2 2 1 1 0
1 2 0
2 2 0 1 0
1 1 0
1 2 0
1 1 1
1 2 0
1 2 1
2 1 0 2 0
1 1 0
1 2 0
1 1 0
1 1 1
1 2 0
2 2 1 1 0
2 1 1 1 0
2 2 0 1 0
2 2 0 1 0
1 2 0
1 2 0
2 1 1 2 0
2 2 0 1 0
8
16
6 4 1 6 0 2 0 1 0 8 0 7 0
5 3 0 2 0 7 0 1 0 8 0
6 8 1 5 0 6 0 2 0 3 0 4 0
5 7 0 1 0 6 0 2 0 5 0
6 2 1 4 0 5 0 2 0 6 0 3 0
3 2 0 4 0 7 0
3 3 1 1 0 4 0
5 5 0 1 0 4 0 3 0 6 0
7 8 0 7 0 3 0 5 0 2 0 1 0 4 0
1 2 1
2 1 0 5 0
2 5 0 4 0
3 3 0 5 0 1 0
2 2 0 4 0
5 6 0 5 0 3 0 4 0 8 0
2 5 1 1 0
4
71
2 2 1 3 0
2 3 1 3 0
1 1 0
3 2 0 3 0 4 0
2 4 1 3 0
4 3 1 2 0 1 0 4 0
4 1 1 1 0 3 0 4 0
3 2 1 1 0 4 0
3 1 0 2 0 4 0
3 4 0 1 0 2 0
2 1 0 3 0
2 1 1 4 0
2 1 0 4 0
3 3 1 1 0 3 0
2 2 0 1 0
3 3 0 2 0 1 0
2 3 1 4 0
3 1 0 2 0 3 0
1 1 1
2 1 1 1 0
1 4 1
2 1 1 4 0
3 3 1 1 0 4 0
2 3 0 2 0
1 3 1
2 4 0 3 0
1 4 1
2 2 0 3 0
2 2 1 4 0
1 4 0
1 4 0
3 2 0 4 0 3 0
3 2 1 4 0 3 0
1 2 1
2 2 0 1 0
1 1 0
3 2 1 3 0 2 0
1 1 0
2 3 0 1 0
2 1 0 3 0
3 2 0 3 0 4 0
2 2 0 3 0
1 4 1
1 4 1
1 1 0
2 1 1 1 0
2 2 0 1 0
2 4 0 3 0
1 3 1
1 2 1
2 1 1 4 0
3 4 0 1 0 2 0
2 1 0 4 0
4 3 1 2 0 1 0 3 0
3 4 1 4 0 3 0
3 4 1 3 0 2 0
4 1 1 2 0 3 0 4 0
1 1 1
3 1 0 3 0 4 0
1 1 0
2 2 0 3 0
3 2 1 2 0 1 0
3 3 1 3 0 2 0
4 1 1 1 0 3 0 2 0
3 2 0 4 0 3 0
1 3 0
2 2 0 1 0
1 1 0
3 1 0 2 0 3 0
2 1 0 3 0
1 4 0
2
35
1 1 0
2 2 1 1 0
2 1 1 1 0
2 1 0 2 0
1 1 0
1 1 0
1 1 0
1 2 0
2 1 1 1 0
1 2 1
2 1 0 2 0
2 1 1 2 0
1 1 0
1 1 0
2 1 1 1 0
1 2 1
1 1 1
2 2 1 2 0
1 2 0
1 1 0
1 1 0
2 2 1 2 0
1 2 0
1 1 0
1 2 1
1 2 0
1 1 0
1 2 0
1 2 0
1 2 1
1 2 1
2 2 0 1 0
2 1 1 1 0
1 1 1
1 2 0
6
55
3 2 0 5 0 4 0
1 1 0
4 2 1 6 0 3 0 5 0
4 5 0 1 0 4 0 6 0
1 5 1
3 4 0 2 0 3 0
4 3 0 5 0 2 0 1 0
3 6 1 2 0 3 0
3 4 1 2 0 4 0
2 1 1 4 0
1 6 1
1 5 0
3 4 0 5 0 3 0
4 6 1 5 0 2 0 3 0
1 6 0
1 5 0
1 5 1
2 4 0 3 0
2 2 1 4 0
4 1 1 6 0 3 0 4 0
2 2 1 4 0
4 4 0 6 0 5 0 1 0
3 6 1 5 0 4 0
1 1 0
4 2 1 2 0 4 0 1 0
3 5 1 5 0 6 0
3 2 0 1 0 5 0
1 1 1
2 1 1 2 0
5 5 1 5 0 1 0 6 0 3 0
4 4 0 2 0 1 0 3 0
1 1 1
2 3 0 4 0
2 1 1 6 0
1 5 0
4 4 0 6 0 3 0 5 0
4 3 0 1 0 4 0 5 0
1 2 0
3 2 0 6 0 1 0
4 4 0 2 0 6 0 1 0
2 4 0 2 0
1 6 0
4 2 1 2 0 5 0 3 0
4 4 1 3 0 5 0 2 0
5 5 0 3 0 4 0 2 0 1 0
3 4 1 3 0 2 0
5 3 1 1 0 3 0 4 0 2 0
4 4 1 3 0 6 0 5 0
1 2 1
4 1 1 2 0 3 0 1 0
3 5 1 1 0 2 0
3 3 0 4 0 6 0
5 6 1 3 0 1 0 4 0 2 0
2 6 0 3 0
2 6 1 2 0
4
84
2 1 1 4 0
2 1 0 3 0
1 2 0
1 3 1
1 4 0
3 3 0 4 0 2 0
2 1 1 4 0
3 3 0 4 0 1 0
3 3 1 4 0 3 0
4 4 1 1 0 4 0 3 0
3 1 1 1 0 3 0
4 2 0 4 0 1 0 3 0
2 1 0 3 0
1 4 1
4 2 1 3 0 4 0 2 0
3 4 1 3 0 4 0
2 2 0 3 0
3 2 1 1 0 4 0
2 2 1 2 0
3 4 0 3 0 1 0
2 4 0 1 0
2 3 0 2 0
2 4 1 4 0
3 4 0 2 0 1 0
1 1 1
2 2 0 1 0
3 4 1 2 0 3 0
1 1 0
2 4 1 1 0
1 1 1
1 3 0
1 3 1
2 4 0 2 0
1 1 0
3 1 1 4 0 2 0
2 3 0 2 0
2 2 0 1 0
1 3 0
4 1 1 3 0 4 0 2 0
2 1 0 4 0
3 4 0 2 0 1 0
2 2 1 1 0
3 1 1 3 0 4 0
3 2 1 3 0 2 0
4 4 1 4 0 1 0 3 0
2 1 1 3 0
2 3 1 2 0
2 1 1 3 0
1 4 1
3 1 0 3 0 4 0
3 2 1 1 0 2 0
3 4 0 2 0 3 0
3 2 1 3 0 1 0
2 3 0 2 0
2 1 1 4 0
2 3 0 1 0
1 1 0
1 3 0
2 1 1 2 0
1 2 1
1 4 0
3 1 1 3 0 2 0
1 4 0
3 1 1 4 0 2 0
2 4 0 2 0
1 4 0
2 3 1 2 0
1 3 1
3 4 0 1 0 2 0
3 3 1 3 0 1 0
2 1 1 2 0
1 1 0
3 2 1 2 0 3 0
3 2 1 2 0 1 0
3 3 0 1 0 4 0
2 1 0 3 0
2 1 0 3 0
4 3 1 3 0 2 0 1 0
2 4 1 4 0
3 1 1 1 0 2 0
3 1 1 3 0 4 0
2 4 0 2 0
3 2 0 3 0 4 0
2 1 0 3 0
9
78
6 5 1 7 0 4 0 1 0 2 0 9 0
4 6 0 2 0 1 0 4 0
4 2 0 6 0 4 0 9 0
5 8 0 1 0 6 0 3 0 4 0
6 7 0 8 0 4 0 5 0 3 0 2 0
2 1 0 5 0
4 1 1 8 0 3 0 9 0
2 5 0 8 0
4 4 0 3 0 6 0 2 0
3 6 0 9 0 7 0
5 7 0 3 0 8 0 9 0 4 0
1 8 1
4 1 0 3 0 9 0 2 0
6 6 0 4 0 5 0 2 0 9 0 3 0
3 4 1 7 0 5 0
5 3 1 9 0 7 0 1 0 3 0
3 9 0 5 0 3 0
1 9 0
6 3 1 9 0 5 0 1 0 7 0 6 0
6 3 0 1 0 7 0 2 0 6 0 5 0
4 4 0 3 0 8 0 2 0
3 8 0 7 0 6 0
6 8 0 9 0 5 0 6 0 1 0 7 0
5 6 0 8 0 7 0 1 0 3 0
6 9 0 1 0 7 0 3 0 6 0 4 0
5 2 0 1 0 9 0 8 0 6 0
3 5 0 7 0 9 0
5 1 0 7 0 5 0 6 0 2 0
5 2 0 3 0 6 0 5 0 1 0
1 2 1
1 5 1
5 8 0 6 0 3 0 2 0 5 0
3 1 0 6 0 8 0
1 6 0
3 8 1 3 0 8 0
3 3 0 5 0 1 0
5 7 1 6 0 4 0 3 0 1 0
6 3 0 2 0 8 0 4 0 5 0 7 0
3 7 0 8 0 5 0
7 2 1 6 0 4 0 3 0 2 0 9 0 1 0
2 1 0 6 0
6 4 1 2 0 8 0 6 0 1 0 9 0
6 3 0 9 0 7 0 1 0 8 0 6 0
6 4 1 5 0 3 0 7 0 1 0 6 0
1 7 0
3 3 1 3 0 9 0
2 1 0 2 0
4 3 1 8 0 1 0 3 0
1 5 1
5 4 1 6 0 7 0 1 0 9 0
5 4 1 5 0 7 0 2 0 9 0
3 4 1 4 0 2 0
4 6 0 9 0 4 0 8 0
3 8 0 6 0 2 0
3 6 0 2 0 5 0
4 8 1 7 0 3 0 5 0
6 3 1 7 0 6 0 2 0 9 0 4 0
4 5 0 1 0 3 0 9 0
1 9 1
3 6 0 5 0 8 0
6 5 0 6 0 7 0 8 0 3 0 9 0
3 1 0 8 0 7 0
6 4 0 1 0 6 0 7 0 3 0 5 0
6 7 0 8 0 9 0 5 0 4 0 1 0
7 9 0 2 0 8 0 3 0 4 0 1 0 5 0
1 5 0
5 4 1 3 0 8 0 6 0 4 0
6 5 0 4 0 7 0 8 0 6 0 3 0
4 4 1 6 0 8 0 5 0
6 2 0 3 0 9 0 5 0 7 0 4 0
6 9 1 3 0 4 0 8 0 5 0 9 0
1 2 1
1 8 1
5 7 1 9 0 3 0 6 0 7 0
7 2 1 1 0 6 0 9 0 4 0 7 0 2 0
6 7 0 4 0 5 0 9 0 8 0 3 0
6 6 0 7 0 2 0 4 0 5 0 1 0
1 2 1
4
27
1 1 1
2 3 0 4 0
1 2 1
1 3 1
2 4 0 3 0
1 4 0
1 4 0
3 3 0 4 0 2 0
1 1 0
1 2 0
3 1 1 2 0 4 0
2 4 1 1 0
1 1 0
3 4 1 4 0 3 0
2 2 1 2 0
1 1 0
1 3 1
1 3 1
4 2 1 3 0 2 0 1 0
1 3 1
1 1 0
3 3 1 2 0 3 0
3 2 1 2 0 4 0
2 3 1 2 0
2 4 1 3 0
1 2 0
1 4 1
6
21
3 3 1 3 0 1 0
5 2 0 5 0 6 0 3 0 1 0
1 3 0
1 6 0
1 4 1
3 2 1 4 0 3 0
2 3 0 4 0
1 5 0
4 5 1 2 0 3 0 4 0
2 4 1 5 0
4 4 1 2 0 4 0 3 0
2 4 0 5 0
1 2 1
2 3 1 5 0
1 4 1
3 5 1 3 0 4 0
3 3 0 4 0 5 0
3 5 1 3 0 1 0
3 4 0 2 0 3 0
6 3 1 3 0 4 0 1 0 2 0 5 0
3 3 0 2 0 6 0
1
37
1 1 0
1 1 0
1 1 0
1 1 1
1 1 1
1 1 0
1 1 1
1 1 0
1 1 0
1 1 0
1 1 1
1 1 1
1 1 0
1 1 1
1 1 0
1 1 1
1 1 1
1 1 1
1 1 1
1 1 0
1 1 0
1 1 1
1 1 1
1 1 0
1 1 0
1 1 1
1 1 0
1 1 0
1 1 0
1 1 0
1 1 0
1 1 0
1 1 0
1 1 1
1 1 1
1 1 0
1 1 1
2
86
1 1 1
1 2 0
1 1 0
1 2 0
2 1 0 2 0
1 2 0
1 2 0
1 2 1
2 2 1 1 0
1 2 0
1 1 1
1 1 0
1 2 1
1 1 1
2 2 0 1 0
1 1 1
2 2 1 1 0
1 2 0
1 2 1
1 2 1
2 1 0 2 0
1 2 0
2 1 0 2 0
2 1 1 2 0
1 2 0
2 1 0 2 0
2 2 0 1 0
2 1 0 2 0
1 1 0
1 1 0
1 2 1
2 2 0 1 0
1 1 0
1 2 1
2 1 1 2 0
1 1 0
1 2 0
2 1 1 2 0
1 1 0
2 2 1 1 0
2 2 1 1 0
1 1 0
1 2 1
1 1 1
1 1 0
1 2 0
1 1 0
1 1 1
1 1 1
2 1 1 1 0
1 1 0
2 2 0 1 0
1 2 0
1 1 0
1 1 1
1 1 0
1 1 1
1 1 0
2 2 0 1 0
2 2 1 2 0
1 2 1
1 1 1
1 1 1
1 2 0
1 1 0
1 1 1
2 2 1 2 0
1 2 1
1 1 0
2 2 1 1 0
1 1 1
2 2 1 1 0
1 1 0
2 1 0 2 0
1 2 0
2 1 1 1 0
1 2 1
2 1 0 2 0
1 2 1
1 1 0
1 1 1
1 2 0
1 1 0
2 1 0 2 0
1 2 0
1 1 1
2
78
1 1 1
2 2 1 2 0
2 1 0 2 0
2 1 1 2 0
1 1 0
1 2 0
1 1 1
1 2 0
1 2 0
2 2 0 1 0
1 1 0
1 1 1
1 1 1
1 1 0
1 1 0
2 2 1 2 0
1 1 1
1 1 1
2 2 1 1 0
1 2 0
1 1 1
1 2 0
1 2 0
2 1 0 2 0
2 2 1 1 0
2 1 0 2 0
2 2 0 1 0
1 2 0
1 1 1
1 1 1
1 2 0
2 2 0 1 0
2 2 1 2 0
1 2 0
1 1 1
1 2 1
1 2 0
1 1 0
1 2 0
1 2 0
1 2 0
2 1 1 1 0
2 1 1 2 0
2 2 1 1 0
2 2 1 1 0
2 1 1 2 0
2 2 1 2 0
2 2 1 2 0
1 1 0
1 1 1
2 1 1 2 0
1 1 1
1 1 1
2 1 1 1 0
1 1 1
1 2 0
1 2 0
1 2 0
2 1 0 2 0
2 2 1 2 0
1 2 1
1 2 0
1 2 0
1 1 1
1 2 1
1 1 0
1 2 0
1 2 0
2 1 0 2 0
1 2 0
2 1 0 2 0
1 2 0
1 1 0
1 2 1
1 1 0
1 2 0
1 1 0
1 1 0
2
58
1 2 0
2 2 1 1 0
2 1 1 1 0
1 1 0
2 1 1 2 0
2 1 1 1 0
1 2 0
1 1 0
1 2 0
1 1 1
1 2 0
1 2 0
2 1 1 2 0
1 1 1
1 2 1
1 1 1
2 1 1 2 0
1 2 0
2 2 0 1 0
1 2 0
1 1 0
1 2 1
2 1 1 1 0
1 1 0
1 2 1
1 1 1
2 2 1 2 0
1 2 1
1 1 1
2 1 0 2 0
1 1 1
2 1 0 2 0
1 2 1
1 2 1
2 1 1 2 0
1 1 0
1 1 0
2 1 1 1 0
1 1 1
2 2 1 1 0
1 2 0
1 1 1
2 1 0 2 0
1 1 0
2 1 0 2 0
1 2 1
1 2 0
1 2 0
2 2 0 1 0
1 2 0
2 2 0 1 0
1 2 0
2 2 0 1 0
1 1 1
1 2 0
2 1 1 1 0
2 2 0 1 0
1 2 1
4
6
2 1 1 2 0
2 2 1 1 0
2 2 0 4 0
2 4 0 2 0
1 4 1
1 4 1
2
65
1 1 0
1 1 0
1 1 1
1 1 1
2 1 1 2 0
1 1 1
1 1 1
1 2 0
2 2 0 1 0
1 2 0
2 1 1 2 0
1 2 1
2 2 1 1 0
1 1 1
1 1 1
1 2 0
1 1 0
1 2 0
1 2 0
1 1 0
1 1 0
1 1 0
1 2 1
1 2 0
1 1 0
2 2 1 2 0
1 1 1
1 2 0
1 1 1
2 1 1 2 0
2 1 1 2 0
1 2 1
2 2 1 1 0
2 1 0 2 0
1 1 0
1 2 0
2 2 0 1 0
2 2 1 1 0
1 2 1
1 2 1
1 2 1
1 1 0
1 2 0
1 1 0
1 1 1
1 2 0
1 2 0
1 1 1
1 2 0
1 2 1
1 2 0
1 1 1
2 2 1 2 0
2 2 1 1 0
1 1 1
2 1 1 1 0
1 2 0
1 1 1
1 1 1
2 1 1 1 0
2 1 0 2 0
2 1 0 2 0
1 2 0
1 2 1
2 2 1 1 0
10
49
2 3 0 8 0
5 2 1 7 0 1 0 8 0 9 0
2 6 1 2 0
2 8 0 4 0
6 5 1 8 0 5 0 7 0 1 0 4 0
4 7 0 9 0 4 0 6 0
4 3 1 9 0 7 0 10 0
6 3 1 3 0 1 0 10 0 8 0 9 0
5 3 0 5 0 9 0 1 0 8 0
2 2 1 7 0
2 7 0 4 0
2 4 1 2 0
2 7 1 3 0
4 1 0 2 0 5 0 4 0
4 8 1 9 0 6 0 3 0
7 2 0 10 0 9 0 8 0 6 0 4 0 3 0
4 9 1 8 0 7 0 3 0
6 3 1 6 0 2 0 9 0 5 0 7 0
7 1 1 4 0 7 0 9 0 3 0 10 0 5 0
2 10 1 10 0
6 8 0 5 0 3 0 4 0 7 0 2 0
4 3 1 8 0 10 0 9 0
5 7 1 6 0 4 0 3 0 2 0
5 4 0 9 0 1 0 2 0 3 0
2 6 0 1 0
3 8 0 9 0 1 0
7 4 0 5 0 7 0 10 0 3 0 1 0 8 0
4 5 0 6 0 3 0 10 0
5 5 0 10 0 7 0 4 0 2 0
6 1 1 1 0 8 0 4 0 10 0 6 0
4 10 0 6 0 7 0 1 0
7 10 0 4 0 2 0 8 0 3 0 1 0 9 0
2 10 0 2 0
2 3 0 5 0
7 1 1 9 0 3 0 1 0 6 0 7 0 2 0
4 5 1 4 0 5 0 3 0
6 5 1 8 0 5 0 3 0 10 0 9 0
1 9 0
7 7 0 4 0 3 0 5 0 1 0 2 0 9 0
3 6 1 4 0 1 0
6 6 0 3 0 4 0 7 0 8 0 1 0
7 7 1 2 0 4 0 7 0 10 0 1 0 9 0
7 3 0 4 0 7 0 5 0 1 0 2 0 9 0
4 4 0 7 0 9 0 5 0
5 2 0 6 0 4 0 8 0 5 0
1 7 1
2 6 0 7 0
5 2 1 1 0 9 0 3 0 2 0
6 1 1 1 0 8 0 2 0 6 0 5 0
2
97
1 2 0
1 2 0
1 1 1
2 1 0 2 0
1 2 0
1 2 1
2 2 1 1 0
1 1 0
1 1 1
1 1 0
2 2 1 1 0
1 1 1
2 2 1 2 0
2 2 1 1 0
2 1 1 2 0
2 2 1 2 0
1 1 1
1 2 1
2 1 1 1 0
1 1 0
1 2 0
1 1 0
2 2 1 2 0
2 2 1 2 0
2 2 0 1 0
1 1 1
1 2 1
1 2 0
1 1 0
2 1 1 2 0
2 2 1 1 0
1 1 1
1 2 0
1 2 0
1 1 0
2 1 0 2 0
2 1 1 1 0
2 2 1 1 0
1 1 1
1 1 1
1 2 1
1 2 0
2 1 1 1 0
2 1 1 2 0
1 2 0
2 2 0 1 0
1 2 1
1 1 1
1 1 0
1 1 0
1 1 1
1 2 0
2 1 1 1 0
1 2 1
2 2 1 1 0
1 1 1
1 1 0
1 2 1
1 2 0
1 1 1
1 2 1
2 1 1 1 0
2 2 0 1 0
1 1 0
1 2 1
2 2 0 1 0
1 2 1
1 2 1
1 1 1
1 2 1
2 2 1 1 0
1 1 0
1 2 1
1 2 0
2 1 1 1 0
1 2 0
2 1 1 1 0
2 2 1 2 0
1 2 0
1 2 0
1 1 0
2 2 1 1 0
1 1 0
1 2 0
2 2 0 1 0
1 2 0
1 2 0
2 2 0 1 0
1 2 1
2 2 1 2 0
1 1 0
1 1 0
1 2 1
2 2 1 1 0
2 1 1 2 0
1 1 0
2 2 1 2 0
10
67
4 6 0 1 0 9 0 8 0
5 9 1 2 0 7 0 6 0 4 0
4 9 1 9 0 3 0 7 0
2 8 0 1 0
6 6 0 7 0 1 0 9 0 4 0 8 0
4 6 0 5 0 1 0 8 0
3 2 0 7 0 9 0
3 4 1 1 0 6 0
4 9 0 7 0 10 0 1 0
7 3 0 10 0 9 0 8 0 5 0 2 0 1 0
3 7 1 4 0 10 0
5 10 0 4 0 7 0 9 0 1 0
5 8 1 3 0 9 0 1 0 10 0
4 6 0 3 0 4 0 10 0
5 6 1 8 0 10 0 9 0 5 0
6 1 0 5 0 6 0 2 0 7 0 4 0
4 4 1 8 0 10 0 3 0
3 8 1 3 0 1 0
6 1 1 2 0 1 0 8 0 6 0 9 0
4 10 0 9 0 5 0 6 0
2 7 0 8 0
4 2 1 9 0 2 0 1 0
7 9 1 10 0 7 0 4 0 6 0 1 0 3 0
1 1 0
5 2 0 6 0 8 0 1 0 5 0
6 5 0 6 0 7 0 10 0 1 0 2 0
5 3 1 6 0 5 0 8 0 3 0
3 5 0 6 0 8 0
5 4 1 2 0 10 0 7 0 4 0
4 9 0 6 0 1 0 7 0
1 4 1
6 1 1 3 0 7 0 4 0 8 0 6 0
2 7 1 3 0
2 4 1 1 0
4 7 0 2 0 3 0 8 0
2 9 1 9 0
8 9 1 9 0 3 0 1 0 4 0 7 0 10 0 5 0
7 9 1 6 0 3 0 4 0 5 0 9 0 10 0
2 9 1 5 0
2 2 0 3 0
1 9 1
3 2 0 4 0 5 0
2 6 0 8 0
5 5 0 3 0 1 0 10 0 7 0
5 10 0 3 0 1 0 4 0 7 0
7 3 0 2 0 8 0 9 0 7 0 4 0 6 0
7 2 0 3 0 6 0 4 0 9 0 7 0 1 0
4 8 0 3 0 7 0 6 0
5 9 1 7 0 5 0 6 0 1 0
4 7 0 2 0 3 0 8 0
1 6 0
7 8 1 9 0 3 0 2 0 5 0 6 0 1 0
2 10 0 8 0
4 7 0 3 0 1 0 10 0
4 9 0 6 0 10 0 5 0
5 8 0 10 0 5 0 4 0 3 0
6 5 1 1 0 5 0 4 0 8 0 3 0
5 6 1 4 0 10 0 3 0 8 0
4 6 1 8 0 1 0 9 0
8 5 0 6 0 2 0 3 0 8 0 4 0 9 0 10 0
3 7 1 9 0 7 0
5 10 0 2 0 3 0 9 0 4 0
4 1 1 4 0 10 0 9 0
4 1 0 10 0 8 0 3 0
5 6 1 1 0 2 0 10 0 6 0
7 8 1 4 0 8 0 7 0 6 0 5 0 9 0
3 8 1 9 0 5 0
7
2
6 3 0 2 0 6 0 1 0 5 0 4 0
5 2 1 4 0 7 0 6 0 1 0
4
10
2 1 1 4 0
2 4 1 4 0
3 1 1 4 0 3 0
2 2 0 4 0
3 4 1 4 0 1 0
2 3 1 2 0
3 4 1 4 0 3 0
3 2 0 4 0 1 0
1 2 0
1 4 0
1
23
1 1 0
1 1 0
1 1 0
1 1 0
1 1 0
1 1 0
1 1 1
1 1 0
1 1 1
1 1 1
1 1 0
1 1 0
1 1 0
1 1 0
1 1 0
1 1 0
1 1 0
1 1 1
1 1 0
1 1 0
1 1 0
1 1 0
1 1 0
9
23
6 2 0 1 0 7 0 3 0 5 0 6 0
4 2 0 7 0 8 0 6 0
5 6 0 2 0 7 0 9 0 3 0
5 2 1 1 0 7 0 2 0 6 0
4 6 1 7 0 9 0 4 0
4 8 1 5 0 1 0 7 0
4 1 0 8 0 9 0 7 0
2 1 0 4 0
5 6 0 8 0 1 0 4 0 3 0
3 7 1 8 0 7 0
4 7 0 3 0 1 0 5 0
4 2 0 1 0 9 0 3 0
2 9 0 2 0
5 4 0 8 0 6 0 9 0 7 0
3 6 0 9 0 8 0
5 6 0 7 0 4 0 3 0 1 0
2 8 1 1 0
5 3 1 6 0 2 0 8 0 7 0
2 9 1 7 0
7 6 1 9 0 4 0 1 0 5 0 7 0 2 0
3 5 1 3 0 2 0
5 5 0 6 0 9 0 3 0 4 0
3 3 0 7 0 8 0
5
60
2 5 0 4 0
1 1 0
3 4 0 2 0 1 0
3 1 0 3 0 5 0
2 1 1 3 0
3 3 0 1 0 4 0
3 3 1 1 0 2 0
1 5 0
3 4 0 1 0 3 0
2 4 1 4 0
3 1 1 1 0 5 0
2 2 0 1 0
2 3 0 1 0
2 4 0 2 0
5 3 0 1 0 5 0 2 0 4 0
2 5 1 1 0
4 3 0 4 0 2 0 1 0
2 5 1 2 0
2 2 0 4 0
3 5 1 4 0 1 0
3 3 0 2 0 5 0
4 3 1 3 0 5 0 1 0
2 1 1 1 0
1 5 0
4 2 1 3 0 2 0 1 0
2 3 1 5 0
4 3 1 3 0 2 0 5 0
3 2 1 5 0 1 0
4 1 1 3 0 5 0 4 0
2 5 0 2 0
2 5 0 2 0
3 2 0 4 0 1 0
3 5 0 2 0 1 0
2 4 1 1 0
4 2 1 5 0 3 0 4 0
2 2 1 2 0
2 4 0 2 0
3 4 0 5 0 3 0
3 4 0 1 0 3 0
2 5 0 4 0
2 2 0 3 0
1 3 1
2 3 0 5 0
2 2 0 3 0
2 3 0 5 0
1 5 1
3 3 1 3 0 2 0
2 2 0 3 0
2 5 1 4 0
4 5 0 3 0 1 0 4 0
1 4 0
2 1 1 5 0
2 4 1 5 0
1 2 1
2 3 0 1 0
2 3 0 2 0
3 5 0 2 0 3 0
4 3 1 1 0 2 0 4 0
1 5 0
2 1 0 4 0
3
42
2 3 0 1 0
2 3 1 2 0
1 3 1
1 2 0
1 1 0
2 3 0 2 0
2 3 0 2 0
2 2 0 1 0
1 3 0
1 1 1
1 2 0
2 1 1 2 0
1 1 0
3 1 1 1 0 3 0
3 1 0 3 0 2 0
1 3 1
1 1 0
2 2 0 1 0
2 2 0 1 0
3 3 1 3 0 2 0
3 3 0 1 0 2 0
2 2 0 3 0
2 2 1 2 0
1 2 1
2 1 0 3 0
1 1 0
2 2 0 1 0
1 1 0
2 2 0 1 0
1 3 0
3 2 0 1 0 3 0
1 2 1
1 2 0
1 3 0
3 1 1 1 0 3 0
2 3 0 2 0
1 2 0
1 1 1
2 1 0 2 0
2 2 0 3 0
1 3 0
1 3 0
5
76
2 3 1 1 0
3 5 0 3 0 2 0
2 1 1 5 0
4 2 1 2 0 3 0 4 0
4 5 1 2 0 3 0 5 0
1 4 1
3 4 1 4 0 2 0
3 5 1 5 0 1 0
2 1 0 5 0
3 3 1 3 0 1 0
3 2 0 1 0 4 0
3 2 0 1 0 5 0
3 1 0 3 0 5 0
2 5 0 1 0
1 2 1
4 1 1 4 0 5 0 2 0
3 3 0 2 0 5 0
1 2 0
3 4 0 5 0 2 0
4 2 1 3 0 4 0 1 0
2 4 0 1 0
2 5 1 5 0
1 4 0
1 3 0
3 4 1 4 0 5 0
2 4 0 5 0
3 5 0 3 0 4 0
2 1 1 2 0
3 3 1 5 0 1 0
3 4 1 1 0 5 0
2 3 0 1 0
1 5 0
4 4 1 2 0 1 0 4 0
2 1 1 1 0
2 2 1 4 0
1 4 0
3 1 1 5 0 3 0
3 4 1 5 0 4 0
3 5 0 3 0 1 0
4 5 1 5 0 4 0 2 0
2 4 1 4 0
2 2 0 3 0
5 1 1 5 0 2 0 3 0 4 0
2 3 0 4 0
4 2 1 4 0 5 0 3 0
3 3 1 1 0 3 0
1 5 0
2 5 0 1 0
2 4 1 1 0
4 4 1 1 0 4 0 5 0
1 1 0
4 4 1 1 0 2 0 4 0
2 5 1 5 0
2 5 0 1 0
4 4 1 4 0 2 0 3 0
1 4 0
3 4 1 1 0 5 0
4 5 1 3 0 4 0 2 0
3 3 0 5 0 4 0
2 5 1 4 0
4 2 1 4 0 5 0 2 0
3 3 1 5 0 1 0
3 4 1 3 0 4 0
1 4 1
1 5 1
1 3 1
1 5 0
1 2 1
1 4 0
1 1 0
1 2 1
3 3 1 2 0 1 0
3 3 1 3 0 1 0
2 2 1 2 0
3 3 1 3 0 5 0
3 2 1 1 0 2 0
4
74
2 2 0 1 0
2 2 0 4 0
3 1 0 2 0 3 0
2 1 0 3 0
4 2 1 4 0 1 0 3 0
1 4 0
1 3 1
1 2 1
1 3 0
2 2 0 1 0
1 1 0
2 3 0 2 0
1 4 1
1 3 1
1 3 1
3 1 1 3 0 2 0
2 2 1 1 0
1 2 1
2 4 0 1 0
2 3 1 4 0
3 2 1 3 0 4 0
3 1 0 4 0 3 0
2 4 1 2 0
3 4 0 3 0 2 0
2 1 0 2 0
1 1 1
2 3 1 2 0
2 1 0 2 0
4 2 0 1 0 3 0 4 0
4 4 1 3 0 1 0 2 0
2 1 1 2 0
3 3 1 2 0 1 0
2 2 0 1 0
3 2 1 4 0 3 0
4 3 1 2 0 4 0 3 0
1 1 1
1 1 1
1 3 1
2 3 1 3 0
1 1 1
1 1 0
1 2 1
3 4 0 1 0 3 0
2 1 1 1 0
1 1 1
4 2 0 4 0 3 0 1 0
2 2 0 3 0
2 3 0 4 0
1 1 0
3 3 0 2 0 1 0
2 4 0 3 0
1 3 0
2 4 0 1 0
2 4 1 4 0
1 3 0
1 3 0
1 3 0
1 3 1
2 4 0 1 0
3 1 1 2 0 3 0
1 3 1
2 2 1 1 0
3 2 1 1 0 3 0
4 4 1 3 0 2 0 1 0
2 3 0 4 0
4 4 1 1 0 3 0 2 0
3 4 1 1 0 4 0
4 3 0 1 0 2 0 4 0
4 1 1 1 0 2 0 3 0
3 2 1 4 0 3 0
3 1 1 2 0 3 0
1 2 0
3 1 1 3 0 4 0
2 1 0 3 0
4
96
3 1 1 2 0 3 0
2 4 1 2 0
4 3 1 2 0 1 0 4 0
4 1 0 3 0 4 0 2 0
2 1 1 1 0
2 3 0 2 0
3 1 1 2 0 4 0
1 3 0
2 1 0 3 0
1 3 0
1 3 1
3 1 1 2 0 3 0
1 2 1
2 1 1 4 0
1 1 0
1 2 0
1 2 0
2 3 1 4 0
3 2 0 1 0 3 0
2 4 0 1 0
2 1 1 1 0
2 4 1 3 0
2 2 0 4 0
3 2 1 3 0 4 0
1 4 1
1 1 0
4 1 1 2 0 1 0 4 0
3 4 1 3 0 4 0
2 3 0 2 0
3 4 1 2 0 3 0
2 4 0 1 0
1 2 1
1 4 0
2 4 1 4 0
3 4 0 3 0 1 0
1 1 0
3 1 1 4 0 1 0
3 2 0 1 0 4 0
1 1 0
2 1 0 3 0
3 2 0 3 0 1 0
2 4 0 2 0
1 3 0
1 4 0
3 2 0 1 0 3 0
2 4 0 1 0
1 3 1
3 4 1 3 0 2 0
2 1 1 3 0
1 4 0
2 3 0 2 0
2 3 1 2 0
4 2 1 2 0 3 0 4 0
4 2 1 2 0 3 0 1 0
2 4 1 4 0
2 1 0 3 0
2 3 1 2 0
3 1 1 1 0 2 0
3 4 1 4 0 1 0
2 2 1 4 0
1 4 0
1 4 1
2 3 1 3 0
1 2 0
2 2 0 3 0
1 3 1
3 1 1 3 0 4 0
1 3 0
4 2 1 4 0 3 0 1 0
2 1 0 2 0
1 1 0
4 3 1 1 0 3 0 4 0
1 1 1
3 3 1 2 0 4 0
1 3 1
2 1 1 3 0
3 1 0 3 0 4 0
1 4 0
2 3 1 1 0
2 4 1 3 0
1 3 0
1 1 1
2 2 0 3 0
2 1 0 3 0
2 3 1 2 0
3 2 0 4 0 1 0
1 3 0
2 2 1 1 0
2 4 0 1 0
2 4 0 3 0
2 3 1 1 0
1 4 1
1 4 0
3 3 0 4 0 2 0
2 2 1 1 0
3 3 1 2 0 1 0
9
5
5 5 1 6 0 4 0 2 0 8 0
4 6 0 8 0 7 0 5 0
2 7 0 8 0
4 8 1 4 0 6 0 3 0
8 6 0 5 0 4 0 2 0 3 0 8 0 1 0 7 0
9
46
2 2 1 4 0
5 9 1 8 0 3 0 5 0 9 0
2 8 1 8 0
4 6 1 4 0 3 0 5 0
4 8 0 9 0 5 0 4 0
6 6 1 6 0 1 0 7 0 9 0 2 0
3 6 0 2 0 7 0
7 3 0 6 0 7 0 2 0 5 0 1 0 4 0
2 7 0 6 0
2 2 0 7 0
3 3 1 5 0 7 0
6 8 1 6 0 1 0 9 0 7 0 8 0
5 6 1 6 0 1 0 4 0 7 0
7 7 1 8 0 2 0 6 0 5 0 9 0 1 0
3 4 1 9 0 8 0
2 8 0 5 0
4 5 0 6 0 8 0 7 0
8 6 1 4 0 3 0 5 0 7 0 8 0 9 0 1 0
5 8 0 1 0 9 0 4 0 3 0
6 2 1 8 0 7 0 2 0 3 0 5 0
5 8 1 7 0 5 0 2 0 8 0
5 5 0 7 0 2 0 4 0 1 0
4 4 1 9 0 2 0 6 0
7 9 1 6 0 7 0 1 0 3 0 9 0 2 0
6 8 1 5 0 2 0 8 0 6 0 7 0
5 6 1 1 0 7 0 4 0 2 0
4 7 0 9 0 5 0 2 0
4 2 0 8 0 6 0 7 0
4 1 0 3 0 5 0 8 0
6 6 1 1 0 6 0 7 0 2 0 3 0
5 4 1 8 0 6 0 7 0 1 0
5 9 1 5 0 7 0 3 0 9 0
7 9 1 8 0 9 0 2 0 7 0 1 0 6 0
5 6 1 9 0 3 0 4 0 5 0
2 8 0 3 0
1 5 1
1 2 0
6 9 1 1 0 3 0 4 0 6 0 7 0
3 5 0 3 0 4 0
7 8 1 5 0 8 0 4 0 7 0 2 0 3 0
7 7 1 4 0 8 0 3 0 9 0 7 0 2 0
3 2 1 3 0 7 0
1 7 1
3 7 0 6 0 3 0
2 1 1 8 0
6 8 1 4 0 1 0 6 0 8 0 2 0
6
30
3 5 0 1 0 6 0
1 2 0
5 6 1 1 0 3 0 6 0 4 0
3 3 0 2 0 1 0
4 1 0 6 0 3 0 4 0
3 4 0 6 0 1 0
5 1 0 2 0 6 0 3 0 4 0
1 5 0
2 6 0 3 0
2 4 1 6 0
3 5 1 5 0 3 0
2 6 1 6 0
5 1 1 5 0 1 0 3 0 4 0
2 1 0 6 0
1 5 0
3 6 1 6 0 5 0
2 4 0 3 0
2 5 0 6 0
4 6 1 3 0 2 0 4 0
1 1 0
4 3 1 4 0 5 0 2 0
2 5 0 2 0
3 4 0 1 0 3 0
4 4 1 4 0 2 0 3 0
3 3 0 2 0 1 0
3 5 1 5 0 2 0
3 1 1 3 0 2 0
2 1 1 5 0
3 1 1 1 0 3 0
4 4 1 6 0 3 0 2 0
1
95
1 1 1
1 1 1
1 1 0
1 1 1
1 1 1
1 1 0
1 1 1
1 1 1
1 1 1
1 1 0
1 1 0
1 1 0
1 1 1
1 1 1
1 1 1
1 1 0
1 1 1
1 1 1
1 1 0
1 1 0
1 1 0
1 1 0
1 1 0
1 1 0
1 1 0
1 1 1
1 1 0
1 1 0
1 1 1
1 1 1
1 1 1
1 1 0
1 1 1
1 1 0
1 1 0
1 1 1
1 1 1
1 1 0
1 1 0
1 1 0
1 1 0
1 1 1
1 1 0
1 1 1
1 1 0
1 1 0
1 1 0
1 1 1
1 1 1
1 1 1
1 1 1
1 1 1
1 1 1
1 1 1
1 1 0
1 1 0
1 1 0
1 1 1
1 1 0
1 1 0
1 1 1
1 1 0
1 1 1
1 1 0
1 1 0
1 1 1
1 1 0
1 1 1
1 1 1
1 1 0
1 1 1
1 1 1
1 1 0
1 1 1
1 1 1
1 1 0
1 1 1
1 1 0
1 1 0
1 1 1
1 1 0
1 1 0
1 1 0
1 1 1
1 1 0
1 1 0
1 1 0
1 1 0
1 1 0
1 1 0
1 1 0
1 1 0
1 1 0
1 1 1
1 1 0
8
18
6 1 1 7 0 2 0 8 0 3 0 1 0
3 6 1 2 0 8 0
3 3 1 4 0 6 0
4 7 1 7 0 3 0 5 0
4 7 0 6 0 8 0 1 0
1 8 0
5 8 0 2 0 1 0 7 0 4 0
5 7 0 3 0 2 0 1 0 6 0
1 8 1
5 1 1 6 0 3 0 7 0 2 0
3 4 0 6 0 7 0
2 8 1 5 0
4 4 1 1 0 8 0 7 0
1 6 1
5 4 1 7 0 8 0 1 0 4 0
6 8 0 4 0 3 0 5 0 2 0 1 0
6 1 1 7 0 6 0 5 0 8 0 3 0
4 7 0 1 0 3 0 6 0
4
55
2 1 1 3 0
1 2 0
3 2 0 4 0 1 0
1 3 1
3 1 0 2 0 4 0
1 3 1
1 3 1
4 1 1 1 0 2 0 4 0
1 4 0
3 3 0 2 0 1 0
4 2 1 2 0 4 0 3 0
2 1 1 4 0
1 1 0
2 3 0 2 0
1 3 0
4 4 1 3 0 1 0 4 0
2 3 0 1 0
2 3 1 3 0
2 3 0 2 0
1 2 1
1 3 0
1 4 0
2 2 0 3 0
2 3 0 2 0
3 4 0 1 0 2 0
3 4 1 3 0 4 0
2 4 1 1 0
1 2 0
4 1 1 1 0 2 0 3 0
3 3 0 2 0 1 0
2 4 0 1 0
3 1 0 3 0 4 0
4 2 1 2 0 3 0 4 0
1 1 0
1 3 1
3 1 1 4 0 2 0
1 3 0
2 3 1 4 0
1 2 0
2 4 0 3 0
2 2 0 4 0
1 3 1
2 2 1 1 0
1 1 0
1 4 1
3 1 0 3 0 2 0
2 3 1 2 0
2 2 1 1 0
3 1 1 4 0 1 0
1 2 1
2 2 0 1 0
3 1 0 4 0 2 0
4 1 1 1 0 4 0 3 0
2 1 1 4 0
3 2 0 4 0 1 0
8
79
3 1 0 5 0 3 0
4 4 0 2 0 5 0 6 0
2 8 0 6 0
2 8 0 6 0
4 3 1 5 0 8 0 6 0
5 7 1 5 0 3 0 2 0 7 0
5 8 0 7 0 6 0 3 0 2 0
3 4 1 3 0 8 0
2 7 1 8 0
1 5 1
2 4 1 1 0
7 5 1 5 0 4 0 3 0 7 0 2 0 1 0
2 7 0 2 0
5 4 0 6 0 8 0 3 0 1 0
2 4 0 3 0
1 8 1
3 5 1 5 0 2 0
1 1 0
3 3 0 6 0 4 0
5 5 1 8 0 2 0 3 0 4 0
4 1 0 6 0 3 0 5 0
5 3 1 1 0 6 0 2 0 5 0
1 6 1
2 2 0 3 0
7 3 1 4 0 1 0 5 0 8 0 6 0 3 0
6 3 1 8 0 7 0 6 0 3 0 2 0
3 6 0 7 0 1 0
5 2 1 7 0 5 0 4 0 8 0
3 5 0 3 0 2 0
5 4 1 8 0 7 0 5 0 1 0
4 8 1 2 0 8 0 3 0
4 8 0 7 0 6 0 3 0
2 1 1 4 0
6 3 1 2 0 6 0 7 0 5 0 3 0
2 1 1 6 0
8 5 0 1 0 8 0 6 0 7 0 4 0 2 0 3 0
4 1 0 5 0 6 0 3 0
2 1 0 2 0
4 2 0 3 0 5 0 6 0
2 7 0 5 0
6 7 1 6 0 4 0 7 0 2 0 5 0
4 3 0 2 0 1 0 7 0
5 8 1 7 0 3 0 2 0 8 0
7 7 1 5 0 7 0 8 0 3 0 6 0 2 0
5 4 0 6 0 5 0 7 0 2 0
4 7 0 1 0 5 0 2 0
3 4 1 6 0 1 0
2 8 0 6 0
5 8 1 7 0 3 0 2 0 5 0
1 2 1
3 8 1 7 0 4 0
5 3 1 5 0 4 0 8 0 7 0
1 3 0
3 4 1 7 0 2 0
5 8 1 6 0 8 0 3 0 7 0
1 1 0
3 8 0 7 0 5 0
5 7 1 7 0 2 0 8 0 6 0
4 4 1 4 0 5 0 6 0
2 8 0 3 0
3 3 1 5 0 7 0
6 6 0 3 0 8 0 4 0 1 0 7 0
5 1 1 8 0 6 0 5 0 4 0
4 8 0 7 0 6 0 3 0
2 1 0 2 0
3 8 1 6 0 3 0
4 1 1 3 0 4 0 2 0
6 3 1 5 0 2 0 7 0 8 0 3 0
3 6 1 4 0 1 0
1 8 1
3 3 1 5 0 6 0
5 4 1 5 0 8 0 2 0 1 0
3 4 1 4 0 7 0
2 1 0 2 0
3 3 0 6 0 1 0
6 7 0 4 0 3 0 5 0 2 0 1 0
2 7 0 4 0
5 5 0 6 0 8 0 4 0 7 0
4 5 0 7 0 4 0 8 0
9
21
5 8 0 9 0 2 0 1 0 3 0
5 4 1 2 0 6 0 1 0 9 0
5 7 1 4 0 1 0 2 0 8 0
6 4 0 8 0 2 0 7 0 1 0 9 0
4 2 0 5 0 4 0 8 0
1 1 1
3 3 0 8 0 6 0
3 3 1 9 0 3 0
4 4 0 9 0 3 0 6 0
6 1 1 1 0 2 0 5 0 9 0 4 0
4 6 1 3 0 2 0 1 0
6 8 1 5 0 4 0 9 0 1 0 6 0
4 5 1 1 0 7 0 4 0
5 7 1 4 0 2 0 9 0 6 0
3 1 1 5 0 8 0
3 7 0 9 0 8 0
1 9 1
4 9 1 3 0 4 0 1 0
2 7 0 8 0
2 6 0 1 0
5 4 1 8 0 6 0 2 0 7 0
7
46
3 5 0 2 0 7 0
3 5 1 6 0 3 0
4 5 0 7 0 4 0 1 0
4 3 1 7 0 1 0 2 0
1 6 1
4 5 1 3 0 6 0 7 0
2 6 1 6 0
4 7 1 1 0 2 0 3 0
5 6 0 4 0 3 0 7 0 5 0
4 1 0 3 0 2 0 7 0
5 2 0 3 0 7 0 4 0 5 0
4 2 0 5 0 3 0 6 0
4 5 1 7 0 3 0 4 0
2 2 1 7 0
4 1 1 1 0 6 0 3 0
5 6 0 5 0 1 0 4 0 7 0
4 5 0 3 0 6 0 1 0
2 5 0 6 0
3 5 0 2 0 1 0
2 4 1 3 0
3 1 0 2 0 5 0
5 3 1 2 0 3 0 1 0 6 0
2 4 0 1 0
5 4 1 7 0 2 0 1 0 3 0
2 4 1 5 0
5 6 1 3 0 6 0 2 0 5 0
4 7 0 1 0 5 0 3 0
4 6 1 7 0 1 0 3 0
5 2 0 6 0 1 0 7 0 4 0
2 3 0 7 0
3 1 0 2 0 3 0
3 2 0 1 0 5 0
1 1 0
5 5 1 1 0 7 0 4 0 6 0
5 7 0 1 0 2 0 5 0 4 0
5 4 1 3 0 4 0 6 0 7 0
5 3 1 7 0 5 0 3 0 2 0
5 7 1 6 0 2 0 3 0 7 0
1 6 0
1 4 0
4 1 0 4 0 6 0 2 0
5 3 1 5 0 3 0 6 0 7 0
7 2 1 3 0 2 0 6 0 4 0 7 0 1 0
3 3 1 7 0 4 0
3 5 1 7 0 3 0
1 6 1
1
83
1 1 0
1 1 1
1 1 0
1 1 1
1 1 0
1 1 0
1 1 1
1 1 0
1 1 1
1 1 0
1 1 1
1 1 0
1 1 0
1 1 1
1 1 0
1 1 0
1 1 0
1 1 0
1 1 1
1 1 0
1 1 0
1 1 1
1 1 1
1 1 0
1 1 1
1 1 0
1 1 0
1 1 0
1 1 0
1 1 1
1 1 1
1 1 0
1 1 1
1 1 0
1 1 1
1 1 0
1 1 1
1 1 1
1 1 1
1 1 1
1 1 0
1 1 1
1 1 1
1 1 0
1 1 0
1 1 1
1 1 0
1 1 1
1 1 0
1 1 0
1 1 0
1 1 0
1 1 0
1 1 1
1 1 0
1 1 0
1 1 0
1 1 1
1 1 0
1 1 1
1 1 0
1 1 0
1 1 0
1 1 1
1 1 0
1 1 0
1 1 0
1 1 1
1 1 1
1 1 0
1 1 1
1 1 0
1 1 0
1 1 0
1 1 0
1 1 0
1 1 0
1 1 0
1 1 0
1 1 0
1 1 0
1 1 0
1 1 1
4
56
3 1 0 2 0 4 0
1 3 1
2 4 0 3 0
1 3 0
1 1 0
2 2 1 4 0
2 2 1 3 0
2 4 1 3 0
2 3 0 2 0
1 3 0
4 2 1 4 0 1 0 3 0
4 2 1 2 0 1 0 4 0
3 1 1 1 0 4 0
4 1 0 4 0 3 0 2 0
1 3 0
3 1 0 4 0 3 0
1 4 0
3 4 0 1 0 3 0
3 1 1 4 0 2 0
2 4 1 2 0
1 1 1
1 4 1
3 1 1 3 0 2 0
2 1 0 2 0
3 1 0 2 0 3 0
3 3 0 4 0 2 0
1 3 1
1 1 1
3 4 1 2 0 1 0
3 4 0 2 0 3 0
2 3 0 4 0
2 1 1 3 0
3 1 1 4 0 1 0
1 1 0
1 4 0
4 1 0 2 0 4 0 3 0
3 1 1 2 0 3 0
2 2 1 1 0
2 3 0 4 0
1 1 0
2 4 1 3 0
2 3 1 4 0
2 1 1 2 0
2 2 0 4 0
3 2 1 3 0 2 0
1 2 0
1 2 0
1 1 0
3 2 0 3 0 4 0
2 4 1 3 0
2 3 0 1 0
2 3 0 1 0
3 1 0 2 0 3 0
1 4 0
1 4 0
1 1 1
1
1
1 1 0
